31 0.559375 0.988889 0.536979 0.835185 0.522917 0.671296 0.508854 0.485185 0.495312 0.286111 0.495312 0.110185 0.501042 0.012037 0.501042 0.000000 0.515104 0.011111 0.508854 0.093519 0.507812 0.183333 0.511979 0.260185 0.512500 0.312037 0.515625 0.400926 0.522396 0.505556 0.532292 0.625000 0.548438 0.747222 0.559375 0.847222 0.575000 0.934259 0.586979 0.999074
23 0.052604 0.555556 0.080208 0.562037 0.085417 0.541667 0.088542 0.525926 0.080208 0.509259 0.068750 0.512963 0.056771 0.522222 0.046875 0.539815
23 0.166667 0.460185 0.179688 0.502778 0.197917 0.479630 0.195312 0.450926 0.189062 0.437037 0.173958 0.451852
23 0.021354 0.270370 0.045312 0.262963 0.043750 0.235185 0.039062 0.223148 0.026042 0.232407 0.018229 0.244444
30 0.695833 0.242593 0.690625 0.146296 0.710417 0.089815 0.730208 0.070370 0.746875 0.072222 0.761458 0.087037 0.763542 0.132407 0.760938 0.167593 0.745313 0.225000 0.725000 0.251852 0.711458 0.255556
30 0.008333 0.090741 0.066146 0.098148 0.128646 0.103704 0.261979 0.126852 0.292187 0.131481 0.292187 0.088889 0.255729 0.075926 0.202083 0.062037 0.177604 0.059259 0.130208 0.065741 0.106250 0.066667 0.054688 0.077778 0.041667 0.084259
23 0.439583 0.205556 0.436979 0.232407 0.447396 0.244444 0.460417 0.239815 0.464062 0.222222 0.461458 0.204630 0.444792 0.201852
23 0.213542 0.215741 0.207813 0.232407 0.207292 0.254630 0.223958 0.247222 0.232813 0.237037 0.232813 0.224074 0.226562 0.214815
23 0.396354 0.401852 0.403125 0.429630 0.415104 0.448148 0.434375 0.456481 0.452604 0.452778 0.475521 0.441667 0.484896 0.431481 0.481250 0.412037 0.467187 0.414815 0.448958 0.425000 0.429167 0.419444 0.416146 0.404630 0.406771 0.389815 0.398958 0.389815
23 0.304688 0.094444 0.300000 0.112037 0.303125 0.133333 0.316146 0.133333 0.322917 0.125000 0.325521 0.106481 0.319792 0.093519
23 0.411979 0.135185 0.431771 0.127778 0.444792 0.111111 0.442188 0.083333 0.430208 0.074074 0.417187 0.075926 0.422917 0.097222 0.406771 0.107407 0.391146 0.110185 0.379688 0.120370 0.372917 0.133333 0.382812 0.148148