0 0.497917 0.457407 0.528125 0.578704 0.530729 0.657407 0.513542 0.700000 0.513021 0.737037 0.480208 0.749074 0.470833 0.711111 0.444271 0.694444 0.426563 0.656481 0.411979 0.537963 0.420312 0.494444 0.440104 0.479630 0.468750 0.455556
1 0.341146 0.410185 0.372396 0.384259 0.401562 0.357407 0.406250 0.323148 0.389583 0.287037 0.380729 0.287037 0.307812 0.344444 0.297396 0.373148 0.306771 0.400926 0.313542 0.415741 0.329167 0.417593
21 0.619792 0.419444 0.605208 0.475000 0.660417 0.525926 0.710938 0.536111 0.721354 0.492593
32 0.692708 0.398148 0.671354 0.415741 0.660417 0.434259 0.681771 0.471296 0.705729 0.476852 0.738542 0.460185 0.729688 0.426852
22 0.858854 0.295370 0.861458 0.340741 0.878125 0.357407 0.896875 0.338889 0.899479 0.312037 0.884375 0.289815 0.868229 0.286111
25 0.715625 0.616667 0.720833 0.645370 0.740625 0.671296 0.754167 0.665741 0.764583 0.650000 0.805729 0.536111 0.806250 0.461111 0.794792 0.444444 0.767188 0.493519
1 0.037500 0.351852 0.044271 0.401852 0.061979 0.450926 0.073958 0.474074 0.107813 0.464815 0.111458 0.394444 0.100000 0.328704 0.077083 0.313889 0.053646 0.318519
27 0.081771 0.215741 0.081250 0.305556 0.091146 0.324074 0.124479 0.324074 0.170313 0.311111 0.175000 0.268519 0.149479 0.251852 0.145313 0.199074 0.100000 0.207407
21 0.579167 0.420370 0.580208 0.443519 0.592708 0.453704 0.974479 0.013889 0.951042 0.001852
27 0.013542 0.109259 0.048958 0.129630 0.074479 0.151852 0.091146 0.132407 0.105208 0.132407 0.121875 0.181481 0.174479 0.176852 0.207813 0.165741 0.207813 0.096296 0.220833 0.049074 0.190625 0.017593 0.164583 0.044444 0.130729 0.029630 0.112500 0.038889 0.091146 0.016667 0.070312 0.012037 0.059896 0.018519 0.058333 0.047222 0.034375 0.055556 0.002604 0.064815 0.000521 0.089815
25 0.817187 0.238889 0.777604 0.237963 0.775000 0.262963 0.787500 0.280556 0.827083 0.284259 0.851562 0.295370 0.863542 0.286111 0.897396 0.305556 0.912500 0.304630 0.925521 0.273148 0.919792 0.242593 0.841146 0.223148 0.830208 0.225000
25 0.890104 0.446296 0.881250 0.436111 0.876563 0.443519 0.873958 0.464815 0.878125 0.493519 0.890625 0.513889 0.947396 0.527778 0.961458 0.514815 0.962500 0.492593 0.955208 0.473148 0.936979 0.457407 0.925000 0.448148 0.909375 0.448148