31 0.883333 0.988889 0.886979 0.769444 0.898958 0.484259 0.915625 0.244444 0.937500 0.100000 0.957812 0.000000 0.966667 0.003704 0.949479 0.128704 0.940625 0.232407 0.927604 0.346296 0.920833 0.462037 0.913021 0.679630 0.913021 0.787963 0.913021 0.897222 0.911979 0.999074
23 0.780729 0.662963 0.777604 0.681481 0.777604 0.697222 0.784375 0.717593 0.794792 0.719444 0.805208 0.721296 0.816667 0.707407 0.816146 0.694444 0.812500 0.676852 0.806771 0.669444 0.801562 0.662963 0.793229 0.660185
23 0.210417 0.407407 0.226562 0.384259 0.228125 0.364815 0.220833 0.354630 0.209375 0.350926 0.198958 0.357407 0.197917 0.368519 0.196875 0.386111 0.201042 0.400926
23 0.113542 0.590741 0.090104 0.591667 0.089583 0.610185 0.094792 0.632407 0.108854 0.636111 0.123438 0.625926 0.132292 0.603704 0.120313 0.592593
23 0.419792 0.436111 0.414062 0.454630 0.415625 0.476852 0.422396 0.494444 0.436979 0.482407 0.443750 0.464815 0.438021 0.444444 0.431250 0.432407
23 0.216667 0.114815 0.222396 0.098148 0.235417 0.100926 0.242188 0.122222 0.241146 0.136111 0.236458 0.153704 0.225521 0.149074 0.217188 0.138889
30 0.563542 0.300000 0.545312 0.313889 0.522396 0.307407 0.477604 0.285185 0.458333 0.264815 0.421354 0.233333 0.378646 0.197222 0.357292 0.177778 0.302604 0.141667 0.284896 0.129630 0.270833 0.125000 0.272396 0.117593 0.292187 0.116667 0.320312 0.117593 0.350000 0.128704 0.384375 0.139815 0.413542 0.149074 0.445312 0.169444 0.481771 0.189815 0.516146 0.215741 0.540625 0.243519 0.562500 0.266667 0.570312 0.281481
23 0.694271 0.419444 0.739583 0.419444 0.777604 0.415741 0.792188 0.400926 0.798438 0.370370 0.792708 0.339815 0.783854 0.312037 0.773438 0.291667 0.767188 0.287963 0.758854 0.285185 0.754167 0.299074 0.758333 0.314815 0.761979 0.331481 0.764583 0.350000 0.769271 0.380556 0.756771 0.387963 0.727083 0.391667 0.695312 0.393519 0.686458 0.393519 0.679167 0.402778 0.679688 0.413889 0.689063 0.417593
23 0.577604 0.286111 0.581250 0.317593 0.590625 0.330556 0.601562 0.322222 0.609375 0.307407 0.604167 0.290741 0.591146 0.285185
31 0.218750 0.250000 0.256250 0.239815 0.293750 0.255556 0.330729 0.282407 0.373437 0.300926 0.401562 0.337037 0.417187 0.389815 0.423958 0.431481 0.439583 0.449074 0.443750 0.475000 0.466146 0.484259 0.473438 0.468519 0.451562 0.442593 0.442188 0.420370 0.435417 0.368519 0.423958 0.337037 0.392708 0.302778 0.346354 0.252778 0.297917 0.225926 0.256771 0.215741 0.214062 0.229630 0.202083 0.244444 0.197917 0.260185 0.203125 0.257407
23 0.350000 0.182407 0.345833 0.196296 0.346875 0.215741 0.367188 0.213889 0.366667 0.196296 0.359375 0.186111
23 0.346354 0.266667 0.343229 0.275000 0.344271 0.287037 0.353125 0.295370 0.366146 0.300926 0.369792 0.294444 0.367708 0.281481 0.360938 0.269444
23 0.227604 0.797222 0.224479 0.826852 0.236979 0.843519 0.259375 0.846296 0.269271 0.828704 0.266667 0.797222 0.255729 0.783333 0.241667 0.778704 0.232292 0.786111
23 0.102604 0.898148 0.093229 0.926852 0.091667 0.950000 0.098958 0.975000 0.108333 0.984259 0.128125 0.975000 0.140625 0.961111 0.150521 0.931481 0.152083 0.902778 0.138021 0.880556 0.122917 0.880556
23 0.259375 0.935185 0.249479 0.954630 0.241146 0.999074 0.295833 0.999074 0.291667 0.965741 0.279687 0.939815
23 0.564583 0.049074 0.559896 0.071296 0.566146 0.093519 0.582812 0.099074 0.591146 0.078704 0.591667 0.054630 0.582292 0.043519