31 0.622396 0.587963 0.626042 0.494444 0.613542 0.440741 0.595313 0.389815 0.564583 0.338889 0.526563 0.297222 0.495833 0.264815 0.475521 0.252778 0.448437 0.248148 0.420833 0.250926 0.411979 0.251852 0.409896 0.268519 0.425521 0.273148 0.452604 0.274074 0.478646 0.285185 0.491667 0.296296 0.509375 0.318519 0.527604 0.341667 0.540104 0.365741 0.557813 0.386111 0.579688 0.399074 0.586979 0.424074 0.598958 0.454630 0.608854 0.490741 0.610938 0.530556 0.608854 0.551852 0.606771 0.565741
23 0.372917 0.390741 0.369271 0.417593 0.377083 0.432407 0.386979 0.437963 0.398438 0.430556 0.404167 0.413889 0.405729 0.399074 0.397396 0.382407 0.384896 0.378704
23 0.442708 0.160185 0.450521 0.148148 0.452604 0.127778 0.445833 0.112963 0.433854 0.112037 0.428125 0.119444 0.423958 0.143519 0.428125 0.153704
23 0.838021 0.450926 0.822917 0.461111 0.822396 0.478704 0.825000 0.495370 0.828646 0.500926 0.840104 0.501852 0.848437 0.496296 0.852604 0.478704 0.850000 0.459259
30 0.783333 0.466667 0.753125 0.462963 0.731250 0.440741 0.706250 0.415741 0.679167 0.383333 0.651563 0.346296 0.622396 0.318519 0.617708 0.303704 0.585938 0.255556 0.564583 0.230556 0.539583 0.201852 0.511458 0.173148 0.511458 0.144444 0.539583 0.159259 0.577604 0.180556 0.615625 0.209259 0.640625 0.229630 0.680208 0.261111 0.708854 0.296296 0.735938 0.333333 0.779167 0.382407 0.794792 0.400926 0.801562 0.422222 0.798958 0.433333 0.788542 0.454630
23 0.193229 0.993519 0.200521 0.962037 0.209896 0.950926 0.226562 0.944444 0.242188 0.946296 0.251042 0.967593 0.248958 0.978704 0.244792 0.995370 0.228646 0.996296
23 0.336979 0.952778 0.333333 0.928704 0.339583 0.911111 0.352604 0.900000 0.365625 0.906481 0.372396 0.917593 0.375000 0.945370 0.378125 0.967593 0.372917 0.975926 0.361979 0.987963 0.353646 0.978704 0.340625 0.969444
23 0.281771 0.626852 0.265625 0.637963 0.257812 0.643519 0.249479 0.637963 0.245833 0.621296 0.245833 0.605556 0.249479 0.585185 0.265625 0.585185 0.277083 0.606481
23 0.594792 0.575000 0.584896 0.600000 0.587500 0.625000 0.594792 0.628704 0.610938 0.628704 0.616667 0.609259 0.613542 0.589815 0.606771 0.578704
23 0.547917 0.245370 0.543229 0.265741 0.551562 0.274074 0.571354 0.278704 0.573438 0.251852 0.570312 0.245370 0.559375 0.237963
23 0.530729 0.331481 0.528125 0.342593 0.534896 0.364815 0.553125 0.380556 0.561979 0.364815 0.559375 0.341667 0.545833 0.330556
24 0.117188 0.641667 0.101042 0.700926 0.098958 0.760185 0.125521 0.816667 0.160938 0.795370 0.189062 0.771296 0.207813 0.716667 0.210417 0.661111 0.187500 0.652778 0.172917 0.632407 0.146875 0.626852
23 0.841667 0.119444 0.828646 0.129630 0.823958 0.157407 0.829167 0.181481 0.845313 0.189815 0.863021 0.174074 0.868750 0.143519 0.859896 0.125000