31 0.645312 0.671296 0.642708 0.637037 0.645833 0.583333 0.642708 0.527778 0.629167 0.463889 0.615104 0.425926 0.588542 0.388889 0.567187 0.366667 0.550521 0.341667 0.536979 0.317593 0.527083 0.289815 0.510938 0.274074 0.482812 0.266667 0.460938 0.266667 0.442708 0.269444 0.431771 0.275926 0.433854 0.297222 0.457813 0.301852 0.490625 0.304630 0.519792 0.337037 0.543229 0.361111 0.561458 0.390741 0.571875 0.406481 0.588542 0.439815 0.607292 0.470370 0.622396 0.512963 0.626563 0.550926 0.626042 0.604630 0.619792 0.649074 0.629167 0.662963 0.632292 0.692593 0.638021 0.719444 0.654167 0.734259 0.669271 0.737037 0.666667 0.724074 0.658854 0.697222
23 0.420833 0.440741 0.418229 0.461111 0.411458 0.471296 0.400000 0.475000 0.389583 0.462037 0.385937 0.434259 0.397917 0.418519 0.417708 0.420370
23 0.462500 0.176852 0.475521 0.173148 0.484896 0.156481 0.482292 0.123148 0.469271 0.115741 0.463021 0.129630 0.453646 0.143519
23 0.875000 0.541667 0.865625 0.554630 0.865625 0.575000 0.869271 0.590741 0.882292 0.599074 0.891146 0.589815 0.896354 0.566667 0.885417 0.545370
30 0.830208 0.537963 0.804167 0.550000 0.775000 0.528704 0.736979 0.484259 0.687500 0.406481 0.663021 0.371296 0.628125 0.329630 0.616667 0.297222 0.583333 0.237037 0.550000 0.193519 0.529167 0.161111 0.547396 0.158333 0.582812 0.183333 0.632292 0.224074 0.679167 0.268519 0.727604 0.324074 0.770312 0.377778 0.808854 0.439815 0.832812 0.475926 0.839583 0.500000 0.838542 0.511111 0.834375 0.520370
23 0.256771 0.625000 0.252604 0.649074 0.252083 0.670370 0.262500 0.687963 0.276562 0.682407 0.290104 0.662037 0.292187 0.637037 0.278646 0.616667 0.268229 0.614815 0.260417 0.624074
23 0.578646 0.275000 0.573438 0.296296 0.580729 0.305556 0.595313 0.316667 0.599479 0.309259 0.600000 0.293519 0.596354 0.278704 0.584896 0.273148
23 0.555208 0.375000 0.550000 0.386111 0.551042 0.402778 0.559375 0.418519 0.571354 0.427778 0.578646 0.422222 0.582812 0.403704 0.575521 0.391667 0.567187 0.382407
23 0.604688 0.650000 0.597917 0.666667 0.598437 0.693519 0.603646 0.713889 0.617708 0.718519 0.631771 0.709259 0.632292 0.686111 0.629167 0.662963 0.618229 0.644444
24 0.128125 0.677778 0.108333 0.741667 0.113542 0.820370 0.148438 0.843519 0.187500 0.811111 0.218229 0.761111 0.220833 0.706481 0.200000 0.688889 0.183854 0.654630 0.160417 0.650000
23 0.898958 0.167593 0.889583 0.177778 0.883854 0.201852 0.889062 0.225926 0.901042 0.237963 0.918229 0.232407 0.930208 0.209259 0.930729 0.182407 0.921875 0.162037 0.906250 0.165741