30 0.402604 0.154630 0.438542 0.201852 0.476562 0.258333 0.513542 0.312963 0.548438 0.351852 0.563021 0.359259 0.582292 0.338889 0.587500 0.305556 0.564063 0.278704 0.532813 0.242593 0.498437 0.200926 0.461458 0.167593 0.431771 0.145370 0.402083 0.135185 0.394271 0.133333
31 0.659375 0.994444 0.694792 0.906481 0.746354 0.771296 0.820312 0.605556 0.904167 0.443519 0.966667 0.325000 0.997917 0.258333 0.999479 0.300926 0.938542 0.436111 0.885417 0.550000 0.814583 0.686111 0.764062 0.799074 0.696875 0.956481 0.683333 0.999074
23 0.311979 0.323148 0.307812 0.334259 0.308854 0.344444 0.314063 0.353704 0.321354 0.353704 0.329167 0.347222 0.331771 0.338889 0.328646 0.325000 0.322396 0.316667
23 0.675000 0.685185 0.667708 0.701852 0.669792 0.724074 0.682813 0.737963 0.695833 0.734259 0.701042 0.718519 0.703125 0.700000 0.696354 0.687963 0.685417 0.678704
23 0.247396 0.679630 0.236458 0.692593 0.225521 0.698148 0.217708 0.688889 0.215104 0.671296 0.220833 0.656481 0.228646 0.644444 0.243750 0.649074
23 0.294271 0.709259 0.291667 0.730556 0.292708 0.752778 0.295312 0.769444 0.301563 0.771296 0.309375 0.768519 0.316146 0.759259 0.320833 0.747222 0.321875 0.725926 0.319271 0.715741 0.311458 0.709259 0.301563 0.703704
23 0.350000 0.117593 0.360417 0.118519 0.365625 0.126852 0.367188 0.142593 0.365104 0.150926 0.354687 0.154630 0.348958 0.149074 0.346354 0.139815 0.346354 0.130556
23 0.291667 0.613889 0.288542 0.645370 0.302083 0.652778 0.312500 0.650000 0.316667 0.628704 0.313542 0.611111 0.303646 0.609259
23 0.598437 0.339815 0.594271 0.353704 0.598958 0.372222 0.609375 0.372222 0.614062 0.362037 0.613542 0.346296 0.603646 0.338889
23 0.637500 0.114815 0.632292 0.128704 0.632812 0.147222 0.643229 0.158333 0.651042 0.155556 0.655208 0.133333 0.652604 0.126852 0.643229 0.118519
23 0.428125 0.213889 0.429167 0.225926 0.435417 0.233333 0.443229 0.235185 0.445312 0.223148 0.441667 0.210185 0.430729 0.212963
23 0.414062 0.277778 0.411458 0.296296 0.425000 0.306481 0.435417 0.313889 0.433854 0.296296 0.428125 0.283333 0.417187 0.279630
23 0.450000 0.420370 0.443750 0.433333 0.444271 0.453704 0.450000 0.464815 0.458333 0.463889 0.465104 0.450000 0.461458 0.436111 0.455208 0.426852
31 0.467187 0.463889 0.476562 0.473148 0.487500 0.468519 0.492708 0.454630 0.488542 0.437037 0.478646 0.434259 0.472396 0.427778 0.473958 0.411111 0.476562 0.395370 0.472396 0.368519 0.464583 0.343519 0.455729 0.319444 0.435937 0.285185 0.413021 0.254630 0.393750 0.229630 0.363542 0.222222 0.336979 0.221296 0.326562 0.226852 0.296875 0.258333 0.270313 0.256481 0.265104 0.278704 0.288021 0.289815 0.310937 0.279630 0.333333 0.252778 0.344792 0.243519 0.360938 0.241667 0.379167 0.247222 0.394792 0.266667 0.412500 0.288889 0.436458 0.312037 0.445833 0.327778 0.454688 0.358333 0.461458 0.378704 0.461458 0.412037 0.459375 0.432407 0.462500 0.448148
23 0.231771 0.450000 0.229167 0.462963 0.229167 0.478704 0.237500 0.487963 0.247917 0.490741 0.254167 0.481481 0.257812 0.467593 0.256250 0.459259 0.245312 0.450000
24 0.150521 0.489815 0.143229 0.515741 0.139583 0.553704 0.148438 0.582407 0.170833 0.592593 0.196354 0.578704 0.209896 0.546296 0.203646 0.504630 0.190104 0.489815 0.166667 0.487963