1 0.177083 0.636111 0.195312 0.698148 0.214583 0.693519 0.309375 0.617593 0.289062 0.543519 0.204687 0.597222
0 0.264583 0.837037 0.262500 0.896296 0.257812 0.975000 0.255208 1.000000 0.362500 1.000000 0.368229 0.937963 0.372396 0.873148 0.363542 0.772222 0.343750 0.743519 0.316146 0.758333 0.285938 0.782407
21 0.467187 0.719444 0.478125 0.754630 0.855208 0.367593 0.997396 0.234259 0.986979 0.213889 0.828125 0.349074
21 0.501042 0.715741 0.483333 0.779630 0.567708 0.850000 0.592708 0.848148 0.610938 0.795370 0.513542 0.705556
32 0.592708 0.674074 0.558333 0.726852 0.561458 0.755556 0.593229 0.782407 0.647396 0.755556 0.634896 0.728704 0.611458 0.719444
25 0.700521 0.765741 0.668750 0.807407 0.653646 0.809259 0.592708 0.944444 0.602083 0.989815 0.620313 1.000000 0.648438 1.000000 0.701562 0.878704 0.704688 0.842593 0.714583 0.789815
25 0.800521 0.760185 0.796875 0.792593 0.801562 0.819444 0.807813 0.838889 0.842708 0.847222 0.890104 0.858333 0.906250 0.836111 0.909896 0.810185 0.921354 0.776852 0.884375 0.731481 0.860938 0.722222 0.853646 0.776852 0.819792 0.769444
22 0.796875 0.575926 0.782813 0.596296 0.787500 0.612037 0.802083 0.634259 0.812500 0.650926 0.825000 0.638889 0.830729 0.619444 0.825000 0.600000
25 0.700521 0.512963 0.700521 0.536111 0.741667 0.562037 0.747917 0.573148 0.850000 0.592593 0.849479 0.528704 0.757812 0.504630 0.744792 0.519444
27 0.568229 0.241667 0.587500 0.337963 0.645312 0.311111 0.720313 0.290741 0.691667 0.170370 0.585417 0.188889
33 0.898958 0.535185 0.887500 0.568519 0.896354 0.576852 0.917188 0.591667 0.932292 0.610185 0.936458 0.620370 0.949479 0.634259 0.952604 0.644444 0.975521 0.649074 0.996354 0.645370 0.999479 0.643519 0.999479 0.619444 0.989062 0.598148 0.980729 0.588889 0.975521 0.584259 0.970833 0.574074 0.963021 0.573148 0.955729 0.566667 0.950000 0.550000 0.938021 0.549074 0.930729 0.535185
27 0.950521 0.451852 0.920833 0.432407 0.894792 0.435185 0.867188 0.446296 0.855729 0.488889 0.863542 0.516667 0.896875 0.525926 0.919271 0.535185 0.938542 0.538889 0.965625 0.567593 0.984375 0.581481 0.999479 0.566667 0.999479 0.467593 0.982292 0.469444