21 0.221875 0.559259 0.233854 0.584259 0.673958 0.142593 0.659896 0.133333 0.532292 0.241667
21 0.243750 0.550926 0.231771 0.575000 0.231771 0.595370 0.311458 0.632407 0.332292 0.630556 0.343750 0.587037 0.311458 0.562037 0.255208 0.541667
32 0.325521 0.510185 0.305729 0.530556 0.298958 0.551852 0.305729 0.561111 0.325521 0.575926 0.365625 0.546296
25 0.401562 0.537037 0.381250 0.566667 0.367708 0.572222 0.313542 0.670370 0.316146 0.702778 0.332813 0.719444 0.351042 0.706481 0.406250 0.600926 0.405208 0.588889 0.417187 0.548148
22 0.686458 0.514815 0.705729 0.551852 0.718229 0.542593 0.733333 0.537037 0.748437 0.519444 0.735938 0.491667 0.713021 0.482407 0.693750 0.496296
22 0.485938 0.409259 0.482812 0.428704 0.493229 0.445370 0.507812 0.436111 0.510938 0.417593 0.498437 0.406481
25 0.414583 0.381481 0.417708 0.394444 0.448958 0.406481 0.527083 0.398148 0.527083 0.364815 0.464583 0.362037 0.448958 0.373148
27 0.650521 0.580556 0.664062 0.676852 0.688021 0.706481 0.716146 0.702778 0.705208 0.639815 0.668750 0.550926 0.647396 0.548148
27 0.536979 0.312037 0.545833 0.355556 0.564583 0.362037 0.588542 0.361111 0.603125 0.369444 0.617188 0.368519 0.644271 0.329630 0.642188 0.305556 0.588542 0.292593
27 0.329688 0.201852 0.345313 0.267593 0.373958 0.269444 0.458333 0.231481 0.434375 0.127778 0.340625 0.147222
28 0.915104 0.720370 0.922917 0.740741 0.770312 0.862963 0.763542 0.839815
21 0.935417 0.698148 0.919792 0.708333 0.910417 0.746296 0.913021 0.762963 0.964063 0.800926 0.973437 0.950926 0.997917 0.967593 0.998958 0.741667
25 0.487500 0.512037 0.476562 0.507407 0.473958 0.520370 0.472917 0.534259 0.479167 0.561111 0.515104 0.563889 0.527083 0.558333 0.536458 0.555556 0.538021 0.536111 0.532813 0.517593 0.518750 0.508333 0.505729 0.509259 0.498437 0.512963
33 0.567187 0.365741 0.560417 0.392593 0.570312 0.396296 0.579167 0.404630 0.580729 0.408333 0.588542 0.414815 0.595313 0.417593 0.601562 0.426852 0.610417 0.414815 0.620313 0.414815 0.627083 0.413889 0.632812 0.414815 0.630729 0.401852 0.618229 0.385185 0.610938 0.379630 0.601562 0.373148 0.589063 0.361111
0 0.065104 0.631481 0.039583 0.650926 0.027604 0.685185 0.019271 0.725926 0.016667 0.800000 0.019271 0.846296 0.036979 0.864815 0.053125 0.873148 0.072917 0.868519 0.088021 0.850000 0.087500 0.821296 0.107813 0.793519 0.123438 0.758333 0.126042 0.716667 0.125000 0.662037 0.120313 0.635185 0.110417 0.610185 0.092188 0.607407