34 0.761979 0.445370 0.749479 0.434259 0.730729 0.418519 0.716146 0.417593 0.708854 0.424074 0.697917 0.433333 0.684896 0.444444 0.667708 0.457407 0.646875 0.450926 0.637500 0.453704 0.618229 0.467593 0.607812 0.486111 0.604688 0.510185 0.607812 0.535185 0.623958 0.543519 0.643229 0.561111 0.660417 0.565741 0.673438 0.563889 0.690625 0.562037 0.715625 0.555556 0.729688 0.556481 0.730729 0.544444 0.722917 0.537037 0.708854 0.534259 0.695833 0.537963 0.691667 0.550000 0.676042 0.550000 0.660937 0.549074 0.644792 0.545370 0.635417 0.533333 0.622917 0.523148 0.615625 0.516667 0.619271 0.509259 0.620833 0.500000 0.626563 0.485185 0.627604 0.467593 0.635417 0.474074 0.644271 0.486111 0.654687 0.488889 0.661979 0.482407 0.671875 0.477778 0.684375 0.475000 0.695833 0.470370 0.707292 0.462963 0.717708 0.453704 0.719792 0.442593 0.731771 0.446296 0.741146 0.447222 0.748437 0.449074 0.756771 0.450926
23 0.543229 0.353704 0.534896 0.362037 0.527604 0.361111 0.523438 0.354630 0.522917 0.339815 0.524479 0.327778 0.529167 0.321296 0.537500 0.323148 0.545833 0.327778 0.546875 0.336111
23 0.572917 0.291667 0.563021 0.294444 0.556250 0.298148 0.553646 0.288889 0.556250 0.275000 0.564063 0.271296 0.570312 0.272222 0.575521 0.275926 0.573438 0.286111
23 0.634375 0.212963 0.625000 0.216667 0.619792 0.208333 0.620313 0.193519 0.626042 0.182407 0.635938 0.177778 0.643750 0.181481 0.646354 0.192593 0.648438 0.200926 0.650000 0.207407 0.642708 0.209259
23 0.552604 0.420370 0.552083 0.403704 0.545833 0.393519 0.537500 0.396296 0.531250 0.405556 0.526563 0.422222 0.530208 0.435185 0.539583 0.432407 0.546875 0.429630
23 0.627083 0.380556 0.627083 0.364815 0.630729 0.358333 0.640625 0.354630 0.646354 0.360185 0.645833 0.373148 0.643750 0.385185 0.641667 0.394444 0.639062 0.396296 0.633854 0.390741
23 0.619271 0.382407 0.608333 0.381481 0.596875 0.391667 0.595313 0.408333 0.595833 0.424074 0.598437 0.438889 0.602604 0.449074 0.606771 0.449074 0.621875 0.435185 0.622917 0.420370 0.629687 0.409259 0.625000 0.405556 0.621354 0.395370
31 0.705729 0.587963 0.713021 0.602778 0.724479 0.625000 0.733854 0.646296 0.743750 0.662037 0.756250 0.676852 0.767188 0.688889 0.782813 0.704630 0.797917 0.718519 0.817187 0.735185 0.829167 0.747222 0.848437 0.763889 0.870833 0.787037 0.888542 0.801852 0.906250 0.829630 0.917188 0.851852 0.936979 0.887963 0.949479 0.917593 0.961458 0.951852 0.970833 0.985185 0.972396 0.997222 0.977604 0.997222 0.975000 0.978704 0.970833 0.960185 0.964063 0.938889 0.948958 0.896296 0.928646 0.854630 0.914583 0.829630 0.894271 0.798148 0.878125 0.783333 0.858854 0.764815 0.830729 0.736111 0.809896 0.718519 0.778125 0.689815 0.752604 0.660185 0.736979 0.634259 0.727083 0.613889 0.715625 0.590741 0.710938 0.582407
23 0.584375 0.425000 0.574479 0.442593 0.579688 0.475000 0.595313 0.478704 0.603646 0.466667 0.603125 0.439815 0.597917 0.431481
23 0.692187 0.276852 0.683333 0.302778 0.685937 0.335185 0.695312 0.332407 0.712500 0.308333 0.712500 0.287037 0.700521 0.270370
23 0.695833 0.332407 0.697917 0.347222 0.711979 0.355556 0.729167 0.345370 0.730208 0.319444 0.719792 0.300926 0.711979 0.302778 0.701562 0.327778
23 0.695312 0.347222 0.691146 0.370370 0.688021 0.392593 0.677604 0.404630 0.667708 0.429630 0.677083 0.445370 0.692708 0.434259 0.697917 0.418519 0.709896 0.402778 0.712500 0.379630 0.713542 0.360185 0.708333 0.347222
23 0.704167 0.238889 0.697396 0.257407 0.701042 0.270370 0.710417 0.282407 0.720313 0.277778 0.725521 0.262037 0.723958 0.242593 0.715625 0.231481
23 0.823438 0.143519 0.808854 0.148148 0.802083 0.131481 0.806771 0.112963 0.817708 0.110185 0.826562 0.122222