34 0.231250 0.624074 0.216146 0.625926 0.198437 0.629630 0.180729 0.633333 0.166146 0.648148 0.151042 0.669444 0.136458 0.684259 0.121875 0.688889 0.110937 0.693519 0.096875 0.702778 0.101562 0.714815 0.107813 0.714815 0.109375 0.732407 0.113021 0.752778 0.113021 0.766667 0.120833 0.767593 0.138542 0.782407 0.164583 0.787037 0.187500 0.776852 0.205208 0.766667 0.222917 0.758333 0.237500 0.749074 0.232292 0.742593 0.226042 0.735185 0.218750 0.739815 0.215104 0.746296 0.204167 0.740741 0.194792 0.755556 0.188542 0.763889 0.178646 0.767593 0.168229 0.769444 0.157812 0.771296 0.147917 0.762963 0.139583 0.759259 0.137500 0.747222 0.133854 0.745370 0.125521 0.742593 0.118750 0.745370 0.116667 0.736111 0.118750 0.725926 0.127083 0.716667 0.144792 0.703704 0.150521 0.701852 0.161458 0.691667 0.171875 0.681481 0.179167 0.672222 0.186458 0.666667 0.192188 0.662963 0.202604 0.660185 0.209375 0.656481 0.216146 0.650926 0.221354 0.643519 0.231771 0.634259
23 0.056771 0.569444 0.053646 0.583333 0.050521 0.596296 0.043229 0.606481 0.032292 0.603704 0.026562 0.584259 0.030729 0.570370 0.043229 0.565741 0.051562 0.558333
23 0.178646 0.398148 0.170833 0.407407 0.163021 0.411111 0.158854 0.420370 0.152604 0.411111 0.151562 0.394444 0.156250 0.384259 0.168229 0.379630 0.178646 0.386111
23 0.100521 0.487963 0.092188 0.482407 0.085417 0.488889 0.079167 0.488889 0.078125 0.497222 0.080208 0.510185 0.081771 0.519444 0.086458 0.511111 0.094271 0.503704 0.101042 0.499074
23 0.046875 0.639815 0.032813 0.644444 0.029687 0.656481 0.035417 0.664815 0.044792 0.677778 0.053125 0.679630 0.058854 0.668519 0.053125 0.650926
23 0.102083 0.593519 0.088542 0.605556 0.088542 0.622222 0.083333 0.628704 0.072396 0.633333 0.066146 0.644444 0.070833 0.669444 0.079167 0.688889 0.085938 0.703704 0.095312 0.694444 0.106771 0.687963 0.102604 0.672222 0.097917 0.652778 0.091146 0.651852 0.089583 0.640741 0.094271 0.628704 0.101562 0.625000 0.108333 0.620370 0.110937 0.606481
23 0.203646 0.442593 0.197396 0.456481 0.199479 0.473148 0.208333 0.478704 0.216667 0.477778 0.220833 0.465741 0.220312 0.452778 0.215104 0.443519 0.209375 0.439815
23 0.189062 0.484259 0.185938 0.500000 0.188542 0.519444 0.193750 0.528704 0.203125 0.532407 0.211458 0.523148 0.217188 0.510185 0.214062 0.494444 0.210417 0.484259 0.200521 0.484259
23 0.209375 0.539815 0.204687 0.560185 0.204167 0.579630 0.210417 0.597222 0.218229 0.603704 0.228646 0.598148 0.243229 0.587963 0.248958 0.574074 0.247917 0.555556 0.241667 0.538889 0.234375 0.525000 0.221875 0.517593 0.213021 0.520370
23 0.243750 0.482407 0.238542 0.495370 0.236458 0.514815 0.240104 0.529630 0.247917 0.538889 0.258333 0.542593 0.262500 0.537963 0.269271 0.536111 0.275521 0.524074 0.275521 0.511111 0.272917 0.500926 0.267188 0.489815 0.261979 0.484259 0.251042 0.478704
23 0.531250 0.191667 0.526042 0.209259 0.533854 0.228704 0.547917 0.228704 0.551562 0.209259 0.544792 0.192593
23 0.733854 0.321296 0.732812 0.341667 0.741146 0.357407 0.754167 0.363889 0.763021 0.350926 0.762500 0.325926 0.751563 0.320370 0.741667 0.316667
23 0.382292 0.236111 0.379688 0.256481 0.383333 0.276852 0.396875 0.275000 0.404167 0.261111 0.401042 0.242593 0.392708 0.235185
23 0.309896 0.071296 0.306250 0.093519 0.313542 0.106481 0.326042 0.100926 0.332292 0.079630 0.330208 0.065741 0.319792 0.061111
31 0.625521 0.407407 0.638542 0.482407 0.657292 0.562963 0.667708 0.618519 0.670312 0.681481 0.671875 0.749074 0.681250 0.777778 0.689063 0.742593 0.686458 0.644444 0.683333 0.612963 0.675521 0.583333 0.666667 0.548148 0.660417 0.513889 0.652083 0.466667 0.641146 0.408333 0.633333 0.379630 0.625521 0.364815 0.617708 0.366667
31 0.699479 0.078704 0.694792 0.112963 0.690104 0.137037 0.694792 0.162037 0.708333 0.184259 0.723958 0.223148 0.744271 0.270370 0.768229 0.285185 0.791667 0.292593 0.828125 0.297222 0.888021 0.327778 0.944271 0.372222 0.999479 0.402778 0.999479 0.357407 0.957292 0.330556 0.906771 0.297222 0.874479 0.278704 0.846354 0.263889 0.823438 0.255556 0.802083 0.253704 0.775000 0.254630 0.761979 0.240741 0.743229 0.202778 0.724479 0.162963 0.715104 0.148148 0.719271 0.109259 0.721354 0.061111 0.726562 0.017593 0.726562 0.000000 0.704167 0.000000 0.703646 0.029630
23 0.551042 0.116667 0.565104 0.115741 0.573438 0.116667 0.582292 0.131481 0.599479 0.135185 0.614583 0.123148 0.616667 0.097222 0.602604 0.086111 0.581250 0.080556 0.558854 0.073148 0.534896 0.076852 0.513542 0.090741 0.501042 0.121296 0.508333 0.142593 0.521354 0.152778 0.535937 0.147222
29 0.754167 0.336111 0.736979 0.308333 0.716146 0.294444 0.688021 0.298148 0.670833 0.250926 0.667188 0.199074 0.717187 0.187037 0.751042 0.146296 0.781771 0.125000 0.802083 0.137963 0.805729 0.233333 0.823438 0.302778 0.840104 0.378704 0.870313 0.425926 0.887500 0.470370 0.903125 0.506481 0.922396 0.553704 0.909375 0.595370 0.867708 0.592593 0.835417 0.563889 0.813542 0.515741 0.784896 0.482407 0.768750 0.431481