23 0.892708 0.860185 0.896875 0.885185 0.912500 0.897222 0.931771 0.908333 0.944792 0.905556 0.939063 0.882407 0.933333 0.854630 0.922396 0.836111 0.905729 0.834259 0.892708 0.844444
23 0.307292 0.566667 0.316146 0.593519 0.330208 0.609259 0.356250 0.615741 0.381771 0.611111 0.385417 0.594444 0.368229 0.591667 0.338542 0.584259 0.315104 0.568519 0.307812 0.557407 0.309896 0.573148
23 0.562500 0.731481 0.569271 0.776852 0.578125 0.819444 0.584375 0.855556 0.600521 0.892593 0.641146 0.935185 0.639062 0.892593 0.617188 0.864815 0.603125 0.841667 0.596354 0.804630 0.594792 0.769444 0.586458 0.731481
23 0.339583 0.470370 0.330729 0.481481 0.329167 0.497222 0.341146 0.505556 0.353646 0.501852 0.356771 0.479630
23 0.473438 0.366667 0.461979 0.377778 0.449479 0.380556 0.438021 0.378704 0.433854 0.371296 0.435937 0.359259 0.451562 0.356481 0.466146 0.341667 0.478125 0.325926 0.492708 0.322222 0.505208 0.331481 0.513542 0.343519 0.514062 0.362963 0.503125 0.371296 0.490625 0.371296 0.480729 0.364815 0.478646 0.361111
23 0.495833 0.307407 0.489583 0.312037 0.480208 0.312963 0.475000 0.300926 0.479167 0.285185 0.488542 0.283333 0.496354 0.287963 0.500521 0.297222
23 0.746875 0.524074 0.735417 0.529630 0.727083 0.517593 0.730208 0.495370 0.741146 0.487037 0.754687 0.496296 0.759375 0.515741
23 0.772396 0.375000 0.763021 0.368519 0.752604 0.360185 0.747396 0.355556 0.741146 0.360185 0.742188 0.347222 0.751042 0.337963 0.763542 0.337037 0.783333 0.343519 0.803646 0.356481 0.811979 0.373148 0.818750 0.389815 0.817708 0.405556 0.808333 0.400926 0.794271 0.397222 0.786979 0.380556 0.777604 0.373148
23 0.812500 0.264815 0.804167 0.267593 0.798958 0.274074 0.798438 0.291667 0.806250 0.299074 0.814583 0.296296 0.818750 0.286111 0.820312 0.272222
23 0.895833 0.363889 0.889583 0.368519 0.886458 0.387037 0.896875 0.387037 0.911979 0.387037 0.917188 0.375000 0.914062 0.362037 0.907813 0.359259
23 0.418229 0.249074 0.409896 0.250926 0.406250 0.243519 0.406771 0.228704 0.415625 0.222222 0.426042 0.225000 0.428646 0.237963