27 0.326562 0.703704 0.347917 0.712963 0.361458 0.696296 0.373437 0.688889 0.387500 0.661111 0.387500 0.637037 0.383854 0.615741 0.371354 0.588889 0.363021 0.592593 0.363542 0.608333 0.356771 0.627778 0.340625 0.643519 0.323437 0.652778
23 0.438021 0.684259 0.427083 0.676852 0.418229 0.663889 0.423958 0.650000 0.435417 0.635185 0.447396 0.633333 0.455208 0.645370 0.457813 0.659259 0.453646 0.671296 0.446354 0.677778
23 0.942708 0.065741 0.941667 0.087037 0.947396 0.097222 0.961979 0.102778 0.969271 0.097222 0.973437 0.084259 0.976562 0.061111 0.969271 0.053704 0.957292 0.051852 0.945312 0.060185
23 0.734375 0.296296 0.773438 0.307407 0.809375 0.327778 0.836458 0.355556 0.845833 0.347222 0.833333 0.322222 0.816146 0.299074 0.796875 0.286111 0.761979 0.273148 0.736458 0.273148 0.730208 0.280556
25 0.769792 0.551852 0.739062 0.542593 0.732292 0.538889 0.733333 0.512037 0.746875 0.490741 0.766146 0.500000 0.782292 0.517593
23 0.774479 0.328704 0.768229 0.350926 0.770833 0.371296 0.785937 0.364815 0.795312 0.342593 0.789583 0.317593 0.780208 0.322222
23 0.803125 0.137037 0.816667 0.150926 0.832812 0.160185 0.852604 0.165741 0.866146 0.158333 0.872396 0.141667 0.872917 0.119444 0.868750 0.100926 0.857292 0.097222 0.854167 0.112037 0.849479 0.123148 0.844792 0.127778 0.828646 0.125000 0.812500 0.112037 0.801562 0.108333 0.790625 0.109259 0.791667 0.125000
23 0.495312 0.047222 0.491667 0.061111 0.491667 0.084259 0.497917 0.093519 0.507292 0.095370 0.512500 0.085185 0.515625 0.063889 0.510417 0.053704 0.502083 0.046296
27 0.575000 0.282407 0.579688 0.302778 0.590625 0.302778 0.611979 0.297222 0.627083 0.293519 0.628646 0.284259 0.625521 0.273148 0.616146 0.273148 0.609896 0.271296 0.606771 0.258333 0.597917 0.257407 0.591667 0.262037 0.582812 0.270370
23 0.310937 0.118519 0.306250 0.119444 0.303646 0.124074 0.302083 0.133333 0.304167 0.146296 0.310417 0.150000 0.319271 0.150000 0.322917 0.138889 0.322396 0.128704 0.319271 0.122222 0.316146 0.118519
24 0.411458 0.232407 0.419271 0.228704 0.428125 0.221296 0.434375 0.223148 0.443229 0.222222 0.449479 0.213889 0.452083 0.196296 0.448437 0.181481 0.450521 0.165741 0.447917 0.160185 0.444792 0.163889 0.438542 0.165741 0.432292 0.159259 0.428125 0.156481 0.426042 0.146296 0.420312 0.146296 0.416667 0.141667 0.411979 0.140741 0.411458 0.153704 0.403646 0.156481 0.400000 0.162037 0.388021 0.162963 0.383333 0.172222 0.373958 0.173148 0.365104 0.179630 0.363542 0.190741 0.364583 0.205556 0.359375 0.205556 0.356250 0.197222 0.348958 0.199074 0.350000 0.221296 0.348438 0.231481 0.344792 0.243519 0.352604 0.250000 0.354167 0.255556 0.345313 0.250926 0.344271 0.262037 0.351562 0.268519 0.353125 0.285185 0.356250 0.296296 0.365625 0.302778 0.375000 0.295370 0.380729 0.288889 0.380208 0.306481 0.393229 0.312037 0.404167 0.301852 0.412500 0.292593 0.413021 0.272222 0.408854 0.256481 0.405729 0.247222
31 0.691146 0.120370 0.679167 0.096296 0.670312 0.082407 0.665104 0.059259 0.672396 0.049074 0.687500 0.072222 0.697396 0.100926 0.707812 0.107407 0.716667 0.117593 0.716667 0.140741 0.710417 0.142593 0.714583 0.159259 0.719271 0.181481 0.718750 0.203704 0.713021 0.203704 0.718750 0.229630 0.710417 0.233333 0.693750 0.229630 0.689063 0.210185 0.677083 0.229630 0.689583 0.244444 0.696354 0.264815 0.689583 0.280556 0.669792 0.274074 0.655208 0.267593 0.640104 0.247222 0.648438 0.236111 0.653646 0.223148 0.646875 0.204630 0.651563 0.189815 0.659375 0.181481 0.666667 0.169444 0.691667 0.171296 0.695312 0.156481 0.682292 0.152778 0.680729 0.139815 0.683854 0.128704
23 0.708333 0.165741 0.703125 0.164815 0.699479 0.165741 0.696354 0.173148 0.703125 0.187037 0.709375 0.202778 0.714583 0.200000 0.716146 0.188889 0.715104 0.175926 0.713021 0.169444