23 0.567708 0.207407 0.576562 0.200000 0.581771 0.204630 0.581771 0.219444 0.582292 0.237037 0.575521 0.245370 0.567187 0.238889 0.565104 0.224074
23 0.009896 0.847222 0.006771 0.867593 0.009375 0.882407 0.019271 0.892593 0.026562 0.887037 0.026042 0.875926 0.032813 0.859259 0.035937 0.842593 0.030729 0.830556 0.021875 0.828704
23 0.480729 0.950926 0.484896 0.969444 0.493229 0.981481 0.506250 0.988889 0.514062 0.982407 0.522396 0.973148 0.523958 0.949074 0.519792 0.935185 0.513542 0.924074 0.503646 0.919444 0.493229 0.922222 0.485938 0.929630
23 0.903125 0.326852 0.920312 0.346296 0.940625 0.360185 0.960417 0.368519 0.979688 0.364815 0.980208 0.336111 0.975000 0.302778 0.967708 0.282407 0.964583 0.286111 0.966667 0.305556 0.969271 0.324074 0.965104 0.333333 0.951562 0.340741 0.937500 0.332407 0.920833 0.316667 0.910417 0.306481 0.902083 0.303704 0.900000 0.312963
23 0.822396 0.524074 0.855208 0.541667 0.873958 0.551852 0.892708 0.563889 0.911458 0.584259 0.930208 0.606481 0.947396 0.627778 0.955729 0.625926 0.954167 0.612037 0.945312 0.587963 0.929167 0.564815 0.913021 0.544444 0.891146 0.526852 0.865625 0.515741 0.847917 0.505556 0.816667 0.500000 0.806771 0.508333 0.800521 0.533333 0.816667 0.534259
27 0.388021 0.919444 0.377083 0.992593 0.402604 0.993519 0.430729 0.982407 0.444792 0.944444 0.448437 0.905556 0.439063 0.844444 0.431250 0.829630 0.421354 0.836111 0.426563 0.851852 0.419271 0.879630 0.404687 0.899074 0.390625 0.912963
25 0.832812 0.853704 0.875521 0.887037 0.883333 0.818519 0.842187 0.780556
27 0.655208 0.478704 0.647396 0.487963 0.652083 0.514815 0.672917 0.513889 0.698958 0.509259 0.706250 0.499074 0.693750 0.480556 0.680208 0.471296
23 0.381250 0.263889 0.375000 0.264815 0.372396 0.272222 0.370312 0.286111 0.373437 0.292593 0.381771 0.296296 0.389583 0.293519 0.394792 0.286111 0.393750 0.272222 0.388542 0.263889
23 0.815104 0.144444 0.798438 0.142593 0.784375 0.137037 0.777604 0.130556 0.780729 0.120370 0.791146 0.116667 0.803646 0.119444 0.819792 0.125000 0.845313 0.125000 0.847396 0.132407 0.841146 0.133333 0.830208 0.133333 0.820312 0.140741
23 0.814583 0.174074 0.806771 0.181481 0.796354 0.180556 0.794792 0.170370 0.801042 0.153704 0.813021 0.144444 0.826042 0.136111 0.842187 0.134259 0.852083 0.137037 0.858854 0.142593 0.863542 0.151852 0.862500 0.168519 0.856771 0.174074 0.851042 0.171296 0.847396 0.162037 0.841146 0.158333 0.828646 0.163889 0.819792 0.168519
31 0.770833 0.279630 0.760417 0.258333 0.751042 0.241667 0.754167 0.220370 0.757812 0.216667 0.772396 0.245370 0.787500 0.279630 0.794792 0.293519 0.803125 0.305556 0.803125 0.323148 0.797396 0.322222 0.798438 0.345370 0.807813 0.363889 0.807292 0.395370 0.800000 0.400000 0.806250 0.422222 0.802604 0.441667 0.789062 0.435185 0.776563 0.426852 0.773958 0.411111 0.765625 0.422222 0.759375 0.430556 0.766146 0.444444 0.778646 0.468519 0.778125 0.487963 0.771875 0.497222 0.757812 0.491667 0.751042 0.476852 0.738542 0.475000 0.728646 0.462963 0.725521 0.442593 0.729688 0.426852 0.733854 0.420370 0.731250 0.394444 0.732812 0.380556 0.744271 0.367593 0.759375 0.363889 0.773958 0.365741 0.781771 0.354630 0.780729 0.337037 0.771875 0.332407 0.765625 0.318519 0.766146 0.303704 0.773438 0.299074 0.773958 0.289815
24 0.478646 0.405556 0.484375 0.399074 0.503125 0.390741 0.505208 0.399074 0.514062 0.401852 0.520833 0.392593 0.525000 0.381481 0.519792 0.367593 0.520312 0.356481 0.520312 0.345370 0.515104 0.342593 0.506250 0.342593 0.502083 0.337037 0.499479 0.327778 0.496875 0.321296 0.492188 0.321296 0.488542 0.312963 0.484375 0.309259 0.481250 0.311111 0.482812 0.321296 0.472917 0.325926 0.475000 0.338889 0.466667 0.337963 0.458854 0.332407 0.453646 0.336111 0.450521 0.345370 0.441667 0.344444 0.435417 0.351852 0.433854 0.365741 0.432812 0.382407 0.428646 0.382407 0.425000 0.372222 0.420312 0.375926 0.418750 0.390741 0.420833 0.404630 0.419792 0.418519 0.425521 0.423148 0.421875 0.433333 0.416667 0.454630 0.416667 0.468519 0.420833 0.468519 0.421354 0.487037 0.426563 0.499074 0.433854 0.496296 0.439583 0.488889 0.440104 0.498148 0.446354 0.505556 0.456250 0.506481 0.469271 0.497222 0.478125 0.483333 0.479167 0.463889 0.476042 0.450926 0.474479 0.437037 0.471354 0.427778 0.475521 0.413889
23 0.893750 0.624074 0.880729 0.630556 0.866667 0.620370 0.863542 0.602778 0.867708 0.575000 0.877604 0.570370 0.888021 0.577778 0.894792 0.594444 0.895312 0.611111
23 0.792708 0.359259 0.787500 0.359259 0.782292 0.363889 0.786458 0.375000 0.792188 0.392593 0.796875 0.398148 0.802604 0.390741 0.804167 0.372222 0.800000 0.362963
23 0.585417 0.096296 0.581771 0.097222 0.579167 0.100926 0.577604 0.111111 0.580729 0.118519 0.585417 0.116667 0.591146 0.095370
23 0.371354 0.147222 0.371354 0.154630 0.380729 0.158333 0.385417 0.151852 0.384375 0.142593 0.380729 0.141667 0.375521 0.147222