27 0.761979 0.888889 0.766146 0.946296 0.754687 0.960185 0.741667 0.966667 0.677604 0.967593 0.672396 0.931481 0.688542 0.918519 0.714063 0.902778 0.739583 0.887963
23 0.546354 0.350926 0.536458 0.344444 0.533333 0.325926 0.538542 0.317593 0.550000 0.314815 0.555729 0.321296 0.563542 0.337037 0.560417 0.342593 0.553125 0.350000
23 0.533333 0.364815 0.531771 0.375000 0.533333 0.385185 0.539062 0.388889 0.544792 0.389815 0.552604 0.388889 0.555208 0.385185 0.558854 0.372222 0.557292 0.360185 0.552083 0.354630 0.542188 0.353704
23 0.242708 0.441667 0.245312 0.433333 0.252083 0.430556 0.256250 0.430556 0.262500 0.434259 0.265104 0.444444 0.265104 0.452778 0.259375 0.461111 0.251042 0.464815 0.246354 0.464815 0.242188 0.452778 0.242188 0.445370
23 0.557292 0.154630 0.554167 0.161111 0.553646 0.170370 0.555729 0.176852 0.559896 0.179630 0.565104 0.175000 0.568229 0.164815 0.568750 0.153704 0.563542 0.150926
31 0.816146 0.390741 0.838542 0.433333 0.859896 0.483333 0.875000 0.542593 0.883333 0.580556 0.868750 0.626852 0.847396 0.657407 0.820833 0.670370 0.813021 0.690741 0.825000 0.757407 0.812500 0.780556 0.805729 0.816667 0.820312 0.861111 0.848437 0.866667 0.857812 0.863889 0.871875 0.910185 0.880208 0.917593 0.891667 0.912037 0.896875 0.892593 0.875521 0.869444 0.856250 0.844444 0.830208 0.831481 0.823958 0.806481 0.838021 0.778704 0.858333 0.754630 0.870833 0.723148 0.868229 0.697222 0.858854 0.682407 0.869792 0.676852 0.884896 0.708333 0.890625 0.750000 0.910937 0.765741 0.921354 0.750926 0.919271 0.718519 0.904167 0.679630 0.881771 0.639815 0.893750 0.626852 0.908333 0.632407 0.902604 0.588889 0.894271 0.528704 0.881250 0.472222 0.858854 0.422222 0.829688 0.371296
23 0.875521 0.260185 0.870833 0.267593 0.873958 0.275926 0.883333 0.283333 0.890625 0.277778 0.903646 0.262963 0.914062 0.250926 0.925521 0.241667 0.931771 0.243519 0.943750 0.245370 0.950521 0.257407 0.952604 0.268519 0.959375 0.266667 0.965104 0.259259 0.960417 0.246296 0.954688 0.229630 0.948958 0.214815 0.936458 0.211111 0.921354 0.212963 0.909375 0.216667 0.896875 0.230556 0.886979 0.239815 0.884375 0.246296
23 0.882292 0.221296 0.869792 0.215741 0.848437 0.207407 0.840104 0.200000 0.842708 0.189815 0.858854 0.188889 0.873437 0.195370 0.890104 0.200000 0.906771 0.200926 0.918750 0.205556 0.937500 0.202778 0.941667 0.210185 0.930208 0.210185 0.916667 0.212037 0.903125 0.222222
24 0.375000 0.712037 0.393229 0.696296 0.413021 0.687963 0.418229 0.701852 0.441667 0.693519 0.449479 0.667593 0.441667 0.640741 0.446875 0.608333 0.441146 0.583333 0.430729 0.584259 0.418229 0.598148 0.415104 0.566667 0.409896 0.550000 0.402604 0.537037 0.392188 0.525926 0.383333 0.529630 0.384375 0.544444 0.372396 0.556481 0.374479 0.582407 0.365625 0.596296 0.352083 0.569444 0.339062 0.570370 0.334375 0.596296 0.310937 0.609259 0.296875 0.626852 0.292708 0.646296 0.296875 0.677778 0.285938 0.660185 0.272917 0.650000 0.261979 0.675000 0.269792 0.708333 0.262500 0.750926 0.268229 0.781481 0.273438 0.803704 0.253646 0.805556 0.253646 0.837037 0.258333 0.877778 0.264062 0.904630 0.268229 0.933333 0.281771 0.904630 0.298438 0.868519 0.308854 0.897222 0.329167 0.908333 0.351042 0.912963 0.361979 0.872222 0.362500 0.845370 0.349479 0.812037 0.357812 0.785185 0.368229 0.749074
23 0.730729 0.474074 0.721875 0.495370 0.728125 0.518519 0.745313 0.534259 0.759375 0.527778 0.765104 0.501852 0.754167 0.482407 0.739062 0.474074
23 0.913021 0.629630 0.899479 0.624074 0.890625 0.629630 0.884375 0.640741 0.898438 0.675926 0.910937 0.701852 0.926562 0.693519 0.928125 0.662963 0.921875 0.640741
23 0.261979 0.225000 0.260937 0.233333 0.267188 0.237037 0.275521 0.239815 0.281771 0.233333 0.281771 0.221296 0.278646 0.217593 0.270313 0.219444 0.265625 0.220370