23 0.865625 0.854630 0.877604 0.853704 0.871875 0.834259 0.851562 0.819444 0.818750 0.807407 0.803125 0.818519 0.792708 0.848148 0.793750 0.885185 0.808854 0.964815 0.823958 0.991667 0.843750 0.997222 0.878125 0.997222 0.943229 0.997222 0.938542 0.982407 0.923958 0.978704 0.897396 0.981481 0.870833 0.978704 0.853125 0.960185 0.834896 0.918519 0.829688 0.882407 0.830208 0.850000 0.839063 0.837963 0.852083 0.842593
23 0.569271 0.658333 0.572396 0.682407 0.585938 0.689815 0.596354 0.675926 0.598437 0.653704 0.591146 0.633333 0.581771 0.628704 0.572917 0.632407 0.568229 0.643519
23 0.471354 0.785185 0.481250 0.794444 0.478646 0.820370 0.478646 0.866667 0.479687 0.924074 0.481771 0.988889 0.448958 0.998148 0.448958 0.952778 0.445312 0.897222 0.443750 0.860185 0.453125 0.827778
23 0.871354 0.478704 0.898958 0.484259 0.936979 0.493519 0.967708 0.499074 0.980729 0.511111 0.978646 0.526852 0.967708 0.552778 0.991146 0.561111 0.998958 0.534259 0.998437 0.476852 0.982292 0.464815 0.963542 0.459259 0.940104 0.459259 0.902604 0.461111 0.885417 0.462963 0.864583 0.468519
31 0.685937 0.495370 0.683854 0.523148 0.675000 0.549074 0.660417 0.576852 0.646354 0.595370 0.620313 0.609259 0.594792 0.609259 0.568229 0.605556 0.558333 0.600926 0.544792 0.600000 0.540625 0.612963 0.524479 0.619444 0.489583 0.621296 0.488542 0.635185 0.517708 0.645370 0.541667 0.629630 0.545312 0.633333 0.546875 0.643519 0.539062 0.652778 0.534375 0.667593 0.533333 0.692593 0.545833 0.695370 0.554688 0.674074 0.562500 0.662963 0.565104 0.648148 0.580729 0.636111 0.598958 0.637037 0.615625 0.640741 0.627604 0.640741 0.648958 0.628704 0.670312 0.602778 0.687500 0.575000 0.703125 0.537963 0.706771 0.505556 0.705208 0.478704 0.689583 0.475926
23 0.044271 0.680556 0.028646 0.671296 0.032813 0.638889 0.049479 0.625926 0.066146 0.632407 0.071875 0.658333 0.059375 0.683333
23 0.401042 0.180556 0.400000 0.189815 0.400521 0.197222 0.404687 0.199074 0.410417 0.196296 0.414062 0.187037 0.411458 0.177778 0.406250 0.174074
23 0.567708 0.272222 0.563542 0.254630 0.568750 0.246296 0.575521 0.244444 0.581250 0.248148 0.583854 0.259259 0.583854 0.270370 0.580208 0.275000 0.573438 0.276852
23 0.556771 0.266667 0.552083 0.271296 0.548438 0.278704 0.548958 0.287037 0.551562 0.291667 0.558854 0.297222 0.564063 0.292593 0.566146 0.283333 0.564583 0.275926 0.561979 0.269444
27 0.368750 0.556481 0.360938 0.570370 0.377083 0.603704 0.391667 0.625000 0.405208 0.628704 0.415625 0.625926 0.421875 0.612963 0.421354 0.602778 0.412500 0.593519 0.398958 0.579630 0.383333 0.566667
24 0.322917 0.361111 0.333333 0.351852 0.344271 0.339815 0.351562 0.336111 0.360938 0.338889 0.365104 0.347222 0.369271 0.358333 0.390104 0.355556 0.392188 0.344444 0.404167 0.338889 0.408333 0.329630 0.402083 0.317593 0.407813 0.305556 0.409896 0.286111 0.405208 0.274074 0.404167 0.262963 0.398958 0.262963 0.396354 0.264815 0.395833 0.274074 0.389583 0.276852 0.383854 0.271296 0.378125 0.263889 0.361458 0.263889 0.353125 0.260185 0.333854 0.265741 0.320312 0.278704 0.315104 0.287037 0.306250 0.289815 0.306771 0.309259 0.295312 0.312963 0.290104 0.316667 0.291146 0.325000 0.281250 0.334259 0.283333 0.347222 0.284375 0.365741 0.282813 0.381481 0.296875 0.391667 0.307292 0.391667 0.315104 0.382407 0.319271 0.366667
23 0.594271 0.440741 0.580729 0.447222 0.575000 0.459259 0.574479 0.482407 0.584896 0.500926 0.600521 0.501852 0.609896 0.483333 0.603125 0.461111
27 0.077604 0.550000 0.061458 0.537037 0.043750 0.582407 0.044792 0.611111 0.063021 0.615741 0.098958 0.600000 0.116667 0.566667 0.120833 0.527778 0.107813 0.529630 0.088542 0.557407
23 0.497396 0.073148 0.494271 0.077778 0.493750 0.085185 0.496875 0.090741 0.504167 0.092593 0.508333 0.087037 0.507812 0.077778 0.505208 0.073148
23 0.831771 0.039815 0.827083 0.052778 0.831250 0.070370 0.840104 0.077778 0.853646 0.075000 0.857812 0.055556 0.854688 0.040741 0.843229 0.039815
23 0.959896 0.415741 0.948438 0.393519 0.936979 0.377778 0.923438 0.374074 0.917708 0.387963 0.919271 0.415741 0.939063 0.440741 0.962500 0.459259 0.991667 0.472222 0.999479 0.480556 0.998958 0.433333 0.982812 0.421296