27 0.358854 0.762037 0.373437 0.800926 0.385937 0.819444 0.400521 0.823148 0.413542 0.810185 0.414583 0.787963 0.395833 0.762037 0.372396 0.736111 0.362500 0.733333 0.356771 0.739815 0.354687 0.755556
23 0.024479 0.811111 0.034896 0.810185 0.042708 0.813889 0.046875 0.825000 0.047396 0.841667 0.042188 0.860185 0.033333 0.867593 0.024479 0.874074 0.010937 0.869444 0.001042 0.851852 0.005729 0.830556 0.017188 0.815741
23 0.570833 0.877778 0.576042 0.893519 0.584375 0.910185 0.594271 0.908333 0.606250 0.898148 0.609375 0.894444 0.605729 0.874074 0.594792 0.851852 0.582812 0.853704 0.578646 0.860185 0.571875 0.873148
23 0.395833 0.299074 0.402083 0.302778 0.407813 0.296296 0.410938 0.286111 0.408333 0.277778 0.401562 0.277778 0.397396 0.282407 0.395833 0.289815
31 0.702083 0.673148 0.700000 0.696296 0.692708 0.737037 0.679167 0.767593 0.664062 0.796296 0.644792 0.815741 0.616667 0.829630 0.606771 0.827778 0.593750 0.800926 0.578646 0.798148 0.559896 0.794444 0.542708 0.778704 0.531250 0.787037 0.513542 0.804630 0.494271 0.813889 0.466667 0.812037 0.453646 0.829630 0.448437 0.851852 0.463542 0.866667 0.487500 0.857407 0.485938 0.836111 0.475521 0.844444 0.458854 0.845370 0.466667 0.834259 0.478646 0.833333 0.500000 0.837963 0.515625 0.845370 0.532292 0.840741 0.553125 0.825926 0.554167 0.845370 0.548958 0.861111 0.533333 0.885185 0.537500 0.918519 0.558854 0.911111 0.564583 0.881481 0.575000 0.855556 0.589583 0.847222 0.622917 0.856481 0.643229 0.853704 0.677604 0.818519 0.701562 0.776852 0.716667 0.729630 0.720833 0.675000
23 0.568229 0.377778 0.567708 0.387963 0.572396 0.396296 0.581771 0.401852 0.590625 0.392593 0.591667 0.377778 0.586458 0.366667 0.579688 0.362963 0.570833 0.364815
23 0.560417 0.388889 0.564583 0.393519 0.567708 0.403704 0.566146 0.412037 0.561458 0.417593 0.553646 0.416667 0.551042 0.412963 0.550000 0.405556 0.553125 0.393519 0.556250 0.391667
32 0.764062 0.011111 0.761979 0.019444 0.765104 0.030556 0.771875 0.035185 0.788021 0.037963 0.793229 0.027778 0.794271 0.013889 0.790625 0.000926 0.776563 0.000926 0.769792 0.003704
24 0.313542 0.487037 0.324479 0.482407 0.337500 0.467593 0.343750 0.462037 0.351042 0.476852 0.357812 0.480556 0.358333 0.492593 0.381771 0.488889 0.386979 0.478704 0.400521 0.468519 0.399479 0.451852 0.401562 0.435185 0.404687 0.416667 0.402604 0.400000 0.400000 0.395370 0.398958 0.384259 0.392708 0.384259 0.389583 0.395370 0.380208 0.400000 0.376563 0.387037 0.368229 0.384259 0.358854 0.387963 0.346354 0.377778 0.333854 0.380556 0.314063 0.384259 0.313542 0.403704 0.301042 0.412963 0.297396 0.421296 0.295833 0.431481 0.282292 0.437963 0.271875 0.454630 0.272917 0.475000 0.274479 0.497222 0.273958 0.518519 0.284896 0.516667 0.293229 0.525000 0.304688 0.523148 0.308333 0.504630
23 0.736458 0.060185 0.734375 0.066667 0.733333 0.077778 0.738021 0.085185 0.746354 0.087963 0.753646 0.084259 0.757292 0.069444 0.755208 0.057407 0.745833 0.057407
23 0.840104 0.152778 0.843229 0.166667 0.852604 0.173148 0.864062 0.173148 0.868750 0.162963 0.869271 0.145370 0.862500 0.134259 0.850521 0.135185 0.843229 0.142593
23 0.591667 0.610185 0.580208 0.618519 0.580729 0.644444 0.589583 0.671296 0.605729 0.668519 0.614062 0.650926 0.607292 0.616667 0.600521 0.604630
27 0.061979 0.708333 0.048958 0.707407 0.040104 0.683333 0.027083 0.719444 0.019792 0.773148 0.042708 0.780556 0.076042 0.763889 0.100521 0.709259 0.103646 0.662037 0.082292 0.693519 0.069792 0.709259
23 0.494792 0.160185 0.492188 0.165741 0.493750 0.175926 0.500521 0.178704 0.508333 0.172222 0.507812 0.163889 0.505729 0.158333 0.502083 0.156481 0.497917 0.157407
8 0.166667 0.248148 0.165625 0.235185 0.171875 0.222222 0.180208 0.212037 0.186458 0.207407 0.197917 0.203704 0.206771 0.204630 0.216146 0.204630 0.218750 0.209259 0.220833 0.218519 0.215625 0.230556 0.207813 0.244444 0.199479 0.249074 0.187500 0.251852 0.178125 0.253704 0.171875 0.251852
23 0.984896 0.585185 0.979688 0.564815 0.961979 0.549074 0.945833 0.542593 0.941667 0.554630 0.945312 0.585185 0.962500 0.614815 0.986458 0.649074 0.999479 0.650000 0.999479 0.600926
23 0.943750 0.636111 0.925521 0.636111 0.895833 0.638889 0.887500 0.646296 0.893750 0.667593 0.920833 0.678704 0.953646 0.692593 0.990625 0.696296 0.999479 0.700000 0.999479 0.650926 0.977604 0.647222