20 0.736458 0.176852 0.752083 0.150000 0.765104 0.151852 0.786979 0.159259 0.798958 0.173148 0.795312 0.208333 0.787500 0.262963 0.771354 0.279630 0.729167 0.274074 0.729688 0.229630
23 0.150000 0.567593 0.162500 0.575000 0.171875 0.573148 0.183333 0.562037 0.195312 0.551852 0.208854 0.547222 0.232813 0.556481 0.230208 0.570370 0.217708 0.571296 0.202083 0.574074 0.192188 0.579630 0.181250 0.591667 0.165104 0.598148 0.145833 0.587037
8 0.166667 0.696296 0.165104 0.673148 0.170833 0.651852 0.180208 0.635185 0.194271 0.618519 0.205729 0.614815 0.219792 0.612037 0.229167 0.613889 0.235417 0.626852 0.237500 0.640741 0.236979 0.660185 0.233333 0.681481 0.220833 0.697222 0.208854 0.709259 0.195312 0.714815 0.183854 0.716667 0.172396 0.712037
23 0.614583 0.836111 0.626042 0.834259 0.632292 0.824074 0.630729 0.802778 0.620833 0.793519 0.608854 0.794444 0.604688 0.810185 0.607812 0.827778
23 0.233333 0.449074 0.231771 0.461111 0.234896 0.468519 0.245312 0.469444 0.250000 0.459259 0.248958 0.450926 0.245312 0.441667 0.238021 0.441667
23 0.682292 0.485185 0.679167 0.496296 0.680729 0.510185 0.688542 0.519444 0.696354 0.521296 0.702604 0.515741 0.703125 0.500926 0.698438 0.489815 0.690625 0.485185
23 0.198437 0.387037 0.193750 0.397222 0.195833 0.409259 0.203646 0.416667 0.213021 0.409259 0.220312 0.396296 0.216146 0.385185 0.207292 0.382407
23 0.386458 0.318519 0.381771 0.322222 0.379688 0.334259 0.386458 0.342593 0.395833 0.339815 0.398438 0.327778 0.394792 0.318519
23 0.459375 0.212963 0.453646 0.218519 0.453125 0.226852 0.454167 0.234259 0.460417 0.235185 0.469271 0.228704 0.469792 0.219444 0.466146 0.214815
23 0.169792 0.373148 0.164583 0.379630 0.164583 0.394444 0.173958 0.399074 0.182292 0.396296 0.184896 0.388889 0.181771 0.375926 0.175000 0.373148
23 0.425000 0.105556 0.420312 0.110185 0.417708 0.114815 0.415104 0.126852 0.409896 0.125926 0.406250 0.117593 0.406250 0.102778 0.411458 0.091667 0.420833 0.082407 0.430208 0.082407 0.436458 0.084259 0.436979 0.095370 0.436979 0.095370
23 0.726042 0.111111 0.722396 0.113889 0.720833 0.118519 0.722396 0.125926 0.728125 0.127778 0.732812 0.127778 0.733854 0.119444 0.731771 0.112963 0.729688 0.111111
23 0.712500 0.140741 0.710417 0.143519 0.709896 0.152778 0.713542 0.163889 0.720313 0.168519 0.726562 0.167593 0.729688 0.161111 0.729167 0.150000 0.726562 0.142593 0.721875 0.137963 0.717187 0.138889
23 0.692708 0.169444 0.687500 0.168519 0.682292 0.166667 0.681771 0.161111 0.683854 0.153704 0.691667 0.150926 0.704167 0.151852 0.711979 0.154630 0.716146 0.167593 0.717708 0.180556 0.719271 0.193519 0.717708 0.203704 0.710938 0.207407 0.706250 0.202778 0.705208 0.188889 0.702604 0.177778 0.698438 0.172222