20 0.616146 0.178704 0.619792 0.196296 0.623958 0.247222 0.631250 0.256481 0.654167 0.252778 0.686458 0.248148 0.690625 0.208333 0.690104 0.143519 0.677604 0.106481 0.655208 0.106481 0.635938 0.110185 0.618750 0.127778 0.617708 0.154630
32 0.795312 0.066667 0.792188 0.084259 0.794271 0.100926 0.821354 0.099074 0.838542 0.103704 0.843229 0.092593 0.846354 0.075000 0.846354 0.054630 0.841667 0.046296 0.833333 0.052778 0.811458 0.058333
23 0.743750 0.564815 0.738021 0.553704 0.739062 0.540741 0.745313 0.526852 0.754167 0.530556 0.761979 0.544444 0.762500 0.550000 0.758854 0.559259 0.750521 0.563889
23 0.225521 0.637037 0.232292 0.619444 0.242188 0.625000 0.246875 0.638889 0.243229 0.650000 0.233333 0.655556 0.227604 0.660185 0.220833 0.654630 0.218750 0.644444
23 0.269271 0.400926 0.268750 0.406481 0.273438 0.413889 0.279167 0.412963 0.286979 0.401852 0.286979 0.392593 0.282292 0.386111 0.278646 0.383333 0.274479 0.386111
23 0.855208 0.144444 0.846875 0.146296 0.843750 0.158333 0.844271 0.173148 0.850521 0.176852 0.860417 0.176852 0.868229 0.173148 0.870833 0.159259 0.867708 0.150000 0.862500 0.145370
23 0.121354 0.229630 0.115104 0.236111 0.106250 0.249074 0.103125 0.267593 0.103646 0.285185 0.107292 0.304630 0.114062 0.307407 0.118229 0.299074 0.119792 0.285185 0.122396 0.267593 0.129167 0.256481 0.132292 0.246296 0.140625 0.240741 0.138542 0.228704 0.132292 0.226852
23 0.534375 0.090741 0.530729 0.094444 0.529167 0.100926 0.529687 0.111111 0.539062 0.110185 0.544271 0.106481 0.544271 0.097222 0.540104 0.091667
23 0.548438 0.148148 0.543229 0.144444 0.541667 0.136111 0.544792 0.126852 0.552083 0.123148 0.559896 0.128704 0.564583 0.137963 0.564063 0.150000 0.559896 0.157407 0.555208 0.154630
23 0.537500 0.167593 0.531250 0.168519 0.525000 0.169444 0.518229 0.167593 0.516146 0.163889 0.518750 0.156481 0.525521 0.150000 0.534896 0.144444 0.542708 0.142593 0.550521 0.147222 0.557813 0.157407 0.567187 0.169444 0.576562 0.182407 0.576042 0.197222 0.571875 0.199074 0.563542 0.196296 0.555208 0.187963 0.548958 0.176852 0.544271 0.169444 0.540104 0.167593
23 0.078646 0.181481 0.073438 0.181481 0.069792 0.188889 0.070833 0.198148 0.073438 0.211111 0.079687 0.213889 0.088021 0.214815 0.093750 0.206481 0.093750 0.187963 0.089583 0.180556