25 0.340104 0.739815 0.320833 0.753704 0.304167 0.743519 0.297396 0.725926 0.294792 0.700000 0.301563 0.656481 0.316146 0.589815 0.322917 0.533333 0.338542 0.515741 0.342708 0.487963 0.351562 0.488889 0.353125 0.522222 0.363021 0.544444 0.363021 0.576852 0.357812 0.636111 0.353646 0.694444
23 0.523958 0.719444 0.515625 0.709259 0.513021 0.686111 0.518229 0.668519 0.529167 0.660185 0.536979 0.670370 0.539583 0.688889 0.539062 0.706481 0.531250 0.718519
23 0.823958 0.856481 0.813021 0.850926 0.807813 0.838889 0.804688 0.820370 0.806771 0.807407 0.814583 0.800000 0.825521 0.800926 0.832292 0.809259 0.836458 0.820370 0.838542 0.831481 0.839063 0.837037 0.838542 0.845370 0.833854 0.853704
23 0.392188 0.363889 0.381250 0.354630 0.378646 0.338889 0.379688 0.328704 0.387500 0.325000 0.396875 0.330556 0.400000 0.342593 0.400000 0.354630
23 0.584375 0.312963 0.572917 0.319444 0.557292 0.315741 0.547396 0.309259 0.538021 0.304630 0.530208 0.303704 0.510417 0.306481 0.506250 0.282407 0.518229 0.281481 0.532813 0.282407 0.543229 0.285185 0.553125 0.290741 0.566146 0.303704 0.576562 0.302778 0.582812 0.302778
23 0.146875 0.996296 0.165625 0.960185 0.202083 0.897222 0.213021 0.927778 0.209896 0.958333 0.188021 0.997222
31 0.921875 0.474074 0.903125 0.463889 0.885938 0.445370 0.861458 0.430556 0.825521 0.411111 0.781250 0.412037 0.742188 0.414815 0.727604 0.412963 0.713021 0.431481 0.701562 0.453704 0.701562 0.483333 0.709375 0.493519 0.725521 0.508333 0.736458 0.511111 0.756771 0.501852 0.775521 0.481481 0.782813 0.462037 0.795312 0.434259 0.811979 0.428704 0.823958 0.435185 0.850000 0.450926 0.871875 0.475926 0.879687 0.492593 0.892708 0.509259 0.894271 0.530556 0.886458 0.571296 0.878646 0.614815 0.885938 0.614815 0.891667 0.574074 0.897396 0.539815 0.902083 0.520370 0.910937 0.515741 0.922396 0.526852 0.927604 0.555556 0.939063 0.576852 0.957292 0.588889 0.980729 0.586111 0.995833 0.563889 0.989583 0.538889 0.976562 0.526852 0.959896 0.513889 0.945312 0.513889 0.946354 0.525926 0.965104 0.528704 0.979167 0.540741 0.986979 0.562037 0.980729 0.573148 0.966667 0.579630 0.947396 0.565741 0.933333 0.535185 0.923438 0.512963 0.910937 0.507407 0.900000 0.512037 0.894792 0.497222
23 0.300000 0.557407 0.291146 0.564815 0.284896 0.575926 0.284375 0.593519 0.291667 0.609259 0.301042 0.616667 0.307812 0.611111 0.313542 0.596296 0.318229 0.584259 0.319792 0.571296 0.317708 0.557407 0.311979 0.555556
23 0.147917 0.150926 0.143229 0.151852 0.138021 0.156481 0.136979 0.168519 0.140625 0.180556 0.150000 0.182407 0.158333 0.180556 0.160938 0.170370 0.159896 0.160185 0.155208 0.153704
23 0.769792 0.160185 0.763542 0.164815 0.758333 0.175000 0.758333 0.187037 0.766667 0.191667 0.775000 0.191667 0.779687 0.185185 0.781250 0.170370 0.777083 0.163889
23 0.920833 0.217593 0.911458 0.216667 0.906771 0.226852 0.907292 0.242593 0.915625 0.250000 0.926562 0.248148 0.932292 0.232407 0.929688 0.223148
23 0.830208 0.255556 0.819792 0.254630 0.813542 0.275000 0.820312 0.291667 0.831771 0.294444 0.840625 0.279630 0.843229 0.260185
23 0.980208 0.474074 0.968750 0.487963 0.964583 0.511111 0.978646 0.525926 0.996354 0.525926 0.999479 0.512037 0.999479 0.482407 0.991146 0.475000