23 0.340104 0.334259 0.312500 0.346296 0.294792 0.342593 0.277604 0.337037 0.248438 0.345370 0.240104 0.326852 0.270313 0.314815 0.295312 0.317593 0.320833 0.321296 0.346875 0.323148
23 0.237500 0.882407 0.229687 0.909259 0.239063 0.940741 0.258333 0.938889 0.270833 0.920370 0.270833 0.882407 0.260417 0.875926 0.249479 0.874074
31 0.668229 0.610185 0.676042 0.608333 0.673958 0.557407 0.679688 0.500000 0.684896 0.469444 0.697917 0.466667 0.706250 0.490741 0.718229 0.528704 0.734375 0.537963 0.752604 0.528704 0.765625 0.509259 0.767708 0.483333 0.757292 0.465741 0.743750 0.457407 0.729688 0.457407 0.713021 0.455556 0.714583 0.466667 0.729688 0.466667 0.742708 0.466667 0.757812 0.484259 0.759375 0.503704 0.750521 0.518519 0.735938 0.522222 0.722396 0.510185 0.711458 0.490741 0.703646 0.461111 0.691146 0.458333 0.679167 0.465741 0.675521 0.495370 0.671354 0.529630 0.668229 0.557407 0.667708 0.577778
31 0.703646 0.411111 0.681250 0.408333 0.670312 0.390741 0.657292 0.387963 0.646875 0.387963 0.638021 0.383333 0.628646 0.381481 0.614062 0.379630 0.594271 0.380556 0.581771 0.385185 0.562500 0.387037 0.547917 0.393519 0.533854 0.398148 0.506250 0.408333 0.492188 0.425000 0.486979 0.444444 0.482292 0.467593 0.484896 0.496296 0.493750 0.521296 0.505208 0.524074 0.517188 0.522222 0.534896 0.514815 0.545833 0.494444 0.559896 0.466667 0.570833 0.436111 0.578646 0.412037 0.589583 0.400926 0.581771 0.398148 0.574479 0.405556 0.567708 0.421296 0.563021 0.445370 0.552604 0.468519 0.544792 0.485185 0.533854 0.499074 0.526042 0.506481 0.513021 0.512037 0.501563 0.512963 0.493750 0.501852 0.489063 0.478704 0.492708 0.454630 0.496875 0.434259 0.508854 0.419444 0.523438 0.412037 0.536458 0.407407 0.550521 0.404630 0.564063 0.398148 0.579167 0.391667 0.599479 0.387037 0.614583 0.387963 0.631771 0.389815 0.647917 0.397222 0.661458 0.396296 0.670833 0.410185 0.683333 0.419444 0.700521 0.425926 0.706771 0.423148
23 0.619792 0.940741 0.608333 0.922222 0.603125 0.895370 0.608333 0.871296 0.618750 0.865741 0.632812 0.879630 0.641667 0.897222 0.644271 0.913889 0.643229 0.934259 0.634375 0.946296
23 0.748958 0.449074 0.741667 0.440741 0.740104 0.424074 0.745313 0.412037 0.752083 0.411111 0.759896 0.417593 0.765104 0.425926 0.764062 0.441667 0.757292 0.449074
23 0.675000 0.168519 0.675521 0.151852 0.684896 0.144444 0.689063 0.146296 0.690625 0.156481 0.685417 0.167593 0.679167 0.166667
23 0.879167 0.247222 0.867188 0.240741 0.862500 0.229630 0.867188 0.218519 0.873958 0.212963 0.883854 0.212963 0.890104 0.221296 0.890625 0.231481 0.884896 0.241667
23 0.889583 0.341667 0.882812 0.330556 0.880208 0.313889 0.890625 0.309259 0.899479 0.317593 0.908854 0.318519 0.912500 0.325926 0.907813 0.342593 0.901042 0.344444 0.895312 0.343519
23 0.534896 0.146296 0.544792 0.146296 0.553646 0.135185 0.550521 0.121296 0.541667 0.114815 0.532813 0.120370 0.528125 0.133333
23 0.594792 0.236111 0.606771 0.235185 0.615104 0.217593 0.610938 0.202778 0.598437 0.201852 0.591146 0.204630 0.588021 0.219444
23 0.944792 0.205556 0.925521 0.186111 0.910937 0.175926 0.903646 0.191667 0.911979 0.215741 0.933854 0.232407 0.953125 0.239815 0.968229 0.253704 0.976042 0.268519 0.984896 0.258333 0.983333 0.227778 0.970313 0.212037
23 0.056250 0.415741 0.041146 0.428704 0.039583 0.450000 0.050000 0.483333 0.066146 0.487037 0.085938 0.481481 0.091146 0.450000 0.085417 0.421296 0.076563 0.410185