23 0.152083 0.394444 0.132812 0.403704 0.105208 0.408333 0.077083 0.403704 0.048438 0.406481 0.023438 0.424074 0.010937 0.401852 0.038542 0.382407 0.067708 0.373148 0.092188 0.378704 0.131771 0.380556 0.156250 0.373148
23 0.664062 0.445370 0.671875 0.461111 0.685937 0.462963 0.692187 0.449074 0.693229 0.434259 0.685937 0.423148 0.675521 0.417593 0.667188 0.421296 0.662500 0.435185
23 0.822396 0.314815 0.836979 0.315741 0.847917 0.294444 0.841146 0.285185 0.831771 0.278704 0.817187 0.277778 0.814583 0.288889 0.813021 0.305556
23 0.800521 0.203704 0.807813 0.201852 0.815104 0.191667 0.816146 0.183333 0.813542 0.175926 0.805208 0.172222 0.796875 0.178704 0.789583 0.184259 0.789583 0.195370 0.793229 0.206481
23 0.422396 0.130556 0.416146 0.123148 0.416667 0.110185 0.421354 0.103704 0.431250 0.102778 0.432812 0.106481 0.436458 0.116667 0.433854 0.127778 0.429167 0.129630
23 0.867188 0.398148 0.859896 0.387037 0.858854 0.369444 0.865625 0.358333 0.877604 0.354630 0.884896 0.362037 0.892188 0.379630 0.888542 0.392593 0.879167 0.398148
31 0.622917 0.424074 0.620833 0.439815 0.609375 0.438889 0.595833 0.439815 0.581250 0.425926 0.568750 0.419444 0.550521 0.416667 0.534375 0.413889 0.518229 0.411111 0.497917 0.418519 0.471875 0.423148 0.444792 0.437963 0.421354 0.448148 0.415104 0.450000 0.403646 0.456481 0.384896 0.462963 0.375000 0.462963 0.365625 0.475000 0.355729 0.506481 0.348958 0.530556 0.342708 0.550926 0.346354 0.575926 0.355208 0.593519 0.368750 0.598148 0.385417 0.594444 0.400000 0.580556 0.413542 0.562037 0.424479 0.545370 0.438542 0.514815 0.448958 0.479630 0.451042 0.459259 0.462500 0.440741 0.468229 0.433333 0.477083 0.428704 0.494271 0.427778 0.504687 0.426852 0.516667 0.424074 0.530729 0.426852 0.539583 0.433333 0.554688 0.450000 0.568750 0.454630 0.581771 0.452778 0.583854 0.462963 0.570833 0.464815 0.559896 0.464815 0.551042 0.457407 0.541146 0.445370 0.535937 0.438889 0.529167 0.434259 0.518229 0.433333 0.506771 0.436111 0.493750 0.436111 0.480208 0.437963 0.466667 0.445370 0.460417 0.469444 0.456250 0.490741 0.448437 0.512963 0.439583 0.532407 0.427604 0.553704 0.415625 0.573148 0.404167 0.593519 0.390625 0.605556 0.369271 0.613889 0.349479 0.605556 0.338542 0.584259 0.334896 0.557407 0.338542 0.535185 0.345833 0.508333 0.357292 0.478704 0.366667 0.459259 0.378646 0.450000 0.393229 0.449074 0.417187 0.436111 0.429688 0.430556 0.441667 0.425926 0.454167 0.413889 0.462500 0.410185 0.492188 0.407407 0.517188 0.400926 0.532292 0.400000 0.560937 0.407407 0.571354 0.410185 0.590625 0.424074 0.611979 0.426852
31 0.585938 0.696296 0.579167 0.697222 0.579688 0.663889 0.580729 0.630556 0.583854 0.578704 0.585938 0.543519 0.588542 0.516667 0.592187 0.502778 0.598958 0.487963 0.609375 0.486111 0.619271 0.490741 0.626042 0.505556 0.631771 0.525926 0.642188 0.550000 0.655208 0.562037 0.670833 0.559259 0.686979 0.545370 0.690625 0.521296 0.681771 0.498148 0.666146 0.486111 0.658333 0.475000 0.664062 0.474074 0.683333 0.491667 0.694271 0.504630 0.697917 0.523148 0.696875 0.544444 0.682813 0.562963 0.665104 0.575926 0.646875 0.572222 0.633854 0.551852 0.626042 0.529630 0.619271 0.505556 0.613542 0.497222 0.605729 0.497222 0.597917 0.504630 0.594271 0.534259 0.591667 0.564815 0.589063 0.608333 0.586458 0.650000
23 0.907813 0.213889 0.889062 0.195370 0.865104 0.185185 0.845833 0.172222 0.833854 0.148148 0.840104 0.144444 0.864583 0.154630 0.886979 0.167593 0.909896 0.185185 0.923958 0.205556
23 0.494271 0.234259 0.504687 0.225926 0.510938 0.209259 0.507292 0.192593 0.494271 0.191667 0.482292 0.200000 0.479687 0.219444 0.482292 0.237963
23 0.582292 0.157407 0.592187 0.157407 0.601562 0.137037 0.600521 0.120370 0.591667 0.116667 0.580208 0.120370 0.574479 0.133333 0.573958 0.150926