23 0.188542 0.403704 0.180208 0.397222 0.180729 0.379630 0.190625 0.364815 0.201042 0.370370 0.208333 0.382407 0.204687 0.395370 0.198437 0.404630
23 0.735417 0.348148 0.738542 0.361111 0.750000 0.360185 0.761979 0.352778 0.759896 0.335185 0.753646 0.321296 0.745313 0.328704 0.735417 0.337963
23 0.898438 0.868519 0.892188 0.852778 0.896354 0.834259 0.907292 0.823148 0.917188 0.829630 0.923958 0.841667 0.925521 0.850926 0.924479 0.862037 0.921875 0.876852 0.914583 0.882407 0.904687 0.884259
23 0.388021 0.140741 0.393229 0.150926 0.400000 0.148148 0.405729 0.136111 0.406771 0.125926 0.403125 0.119444 0.397917 0.118519 0.394271 0.119444 0.390625 0.124074 0.388021 0.129630 0.385937 0.135185
23 0.533854 0.079630 0.527083 0.073148 0.528646 0.062963 0.533854 0.055556 0.538542 0.054630 0.542188 0.057407 0.546354 0.062963 0.546354 0.071296 0.545312 0.075926 0.541146 0.082407
23 0.001042 0.090741 0.015625 0.091667 0.032292 0.098148 0.045312 0.097222 0.053125 0.093519 0.061458 0.088889 0.066146 0.080556 0.060417 0.077778 0.053646 0.075926 0.041667 0.077778 0.027083 0.074074 0.015625 0.071296 0.004167 0.068519 0.000521 0.070370
23 0.535417 0.111111 0.536458 0.120370 0.542188 0.128704 0.548438 0.125000 0.555208 0.118519 0.555208 0.108333 0.552083 0.099074 0.546875 0.103704 0.540104 0.108333
31 0.291146 0.236111 0.295833 0.240741 0.302604 0.227778 0.311979 0.212037 0.323437 0.189815 0.332292 0.175000 0.341667 0.162963 0.348438 0.162037 0.350000 0.175926 0.354167 0.193519 0.360417 0.199074 0.371875 0.193519 0.384375 0.185185 0.395313 0.168519 0.392708 0.156481 0.387500 0.150000 0.380729 0.149074 0.374479 0.150926 0.367708 0.154630 0.364063 0.150000 0.357812 0.140741 0.357812 0.148148 0.366146 0.160185 0.374479 0.159259 0.382292 0.155556 0.386458 0.158333 0.389583 0.168519 0.385417 0.177778 0.376563 0.183333 0.368229 0.187963 0.362500 0.189815 0.356771 0.184259 0.353646 0.172222 0.350521 0.154630 0.345313 0.155556 0.338542 0.160185 0.329688 0.170370 0.321875 0.185185 0.314063 0.199074 0.306250 0.212963 0.298958 0.223148
31 0.360938 0.126852 0.365104 0.133333 0.358854 0.138889 0.349479 0.136111 0.336458 0.129630 0.330208 0.122222 0.316667 0.125000 0.304167 0.120370 0.294271 0.114815 0.283854 0.117593 0.268229 0.115741 0.254167 0.116667 0.248438 0.123148 0.244271 0.126852 0.232292 0.129630 0.224479 0.130556 0.216667 0.133333 0.208854 0.140741 0.200521 0.148148 0.190625 0.152778 0.184896 0.148148 0.175521 0.162037 0.170833 0.179630 0.174479 0.191667 0.187500 0.194444 0.202083 0.186111 0.216667 0.175926 0.226562 0.159259 0.238021 0.143519 0.245833 0.132407 0.257292 0.125926 0.265104 0.122222 0.281771 0.123148 0.297917 0.125000 0.309375 0.128704 0.322396 0.137963 0.326042 0.150926 0.322396 0.150926 0.315625 0.140741 0.305729 0.130556 0.289583 0.129630 0.273958 0.128704 0.259896 0.129630 0.251042 0.137963 0.243750 0.149074 0.236458 0.157407 0.227083 0.169444 0.214583 0.184259 0.202083 0.195370 0.190625 0.199074 0.179688 0.199074 0.168229 0.198148 0.163021 0.184259 0.164062 0.168519 0.171875 0.153704 0.178125 0.150000 0.193750 0.142593 0.206771 0.135185 0.220312 0.127778 0.233333 0.121296 0.241667 0.120370 0.251563 0.115741 0.264062 0.112037 0.276562 0.111111 0.291667 0.108333 0.305729 0.112963 0.316146 0.115741 0.324479 0.117593 0.334375 0.119444 0.342708 0.129630 0.350000 0.130556 0.357292 0.133333 0.360417 0.133333 0.358333 0.128704
23 0.314583 0.006481 0.311458 0.017593 0.315625 0.030556 0.323958 0.031481 0.330729 0.022222 0.331250 0.004630 0.330729 0.000000 0.319271 0.000000
23 0.539583 0.004630 0.539583 0.019444 0.545833 0.025926 0.552083 0.019444 0.559896 0.012963 0.560937 0.001852 0.560937 0.000000 0.540104 0.000000