23 0.554688 0.641667 0.564583 0.650000 0.571875 0.658333 0.577604 0.652778 0.581771 0.633333 0.579167 0.620370 0.575521 0.611111 0.566667 0.603704 0.558854 0.606481 0.551562 0.612963 0.546875 0.622222 0.548438 0.629630
23 0.548958 0.187037 0.548958 0.179630 0.552083 0.172222 0.557292 0.170370 0.561979 0.175000 0.565104 0.180556 0.564063 0.188889 0.561458 0.195370 0.556771 0.198148 0.553125 0.195370 0.551562 0.193519
23 0.153125 0.232407 0.170313 0.232407 0.186458 0.222222 0.201563 0.205556 0.214583 0.186111 0.222917 0.171296 0.238021 0.161111 0.246875 0.155556 0.248958 0.128704 0.238021 0.129630 0.236458 0.140741 0.221875 0.144444 0.208333 0.151852 0.196354 0.165741 0.180729 0.186111 0.170833 0.205556 0.163021 0.207407 0.152604 0.210185 0.147396 0.221296
31 0.654687 0.074074 0.640625 0.061111 0.624479 0.068519 0.608333 0.081481 0.589063 0.089815 0.566667 0.084259 0.564583 0.069444 0.567187 0.056481 0.577083 0.049074 0.586458 0.047222 0.604167 0.046296 0.617708 0.045370 0.639062 0.043519 0.652083 0.048148 0.669792 0.054630 0.689063 0.070370 0.703125 0.082407 0.718750 0.082407 0.715104 0.089815 0.704688 0.089815 0.691146 0.078704 0.677604 0.067593 0.664583 0.058333 0.649479 0.053704 0.635938 0.046296 0.620833 0.050000 0.608333 0.050926 0.580729 0.055556 0.570312 0.062037 0.569792 0.074074 0.578646 0.081481 0.591667 0.080556 0.608854 0.072222 0.628646 0.060185 0.639583 0.053704 0.648958 0.062963 0.658333 0.070370
25 0.304167 0.078704 0.300000 0.088889 0.299479 0.101852 0.300000 0.116667 0.307292 0.122222 0.314583 0.116667 0.326042 0.105556 0.339583 0.084259 0.356771 0.063889 0.361458 0.058333 0.360417 0.047222 0.349479 0.037037 0.338021 0.032407 0.328125 0.046296 0.314063 0.062037
23 0.412500 0.119444 0.418229 0.127778 0.427604 0.123148 0.429688 0.097222 0.420833 0.084259 0.411458 0.086111 0.407292 0.100926
23 0.746354 0.083333 0.741146 0.082407 0.735417 0.083333 0.730729 0.087963 0.729167 0.097222 0.730729 0.108333 0.739583 0.112963 0.747396 0.108333 0.748437 0.096296
23 0.889062 0.076852 0.879687 0.078704 0.877604 0.091667 0.879687 0.108333 0.896875 0.113889 0.906250 0.107407 0.908854 0.089815 0.901042 0.079630
23 0.888542 0.116667 0.881250 0.121296 0.878125 0.127778 0.879687 0.142593 0.889583 0.147222 0.898958 0.138889 0.902604 0.123148 0.894271 0.118519
23 0.256250 0.254630 0.249479 0.252778 0.244792 0.260185 0.244271 0.277778 0.251042 0.289815 0.261458 0.290741 0.267188 0.282407 0.268229 0.265741 0.265625 0.257407
23 0.081250 0.012037 0.075521 0.013889 0.070312 0.016667 0.067187 0.028704 0.071354 0.041667 0.083854 0.044444 0.092708 0.038889 0.092708 0.026852 0.089583 0.016667