23 0.319271 0.251852 0.335938 0.251852 0.356250 0.234259 0.375000 0.213889 0.385937 0.191667 0.400000 0.180556 0.411979 0.174074 0.417187 0.147222 0.408854 0.147222 0.398438 0.158333 0.386979 0.154630 0.373437 0.163889 0.360417 0.178704 0.342708 0.202778 0.341146 0.213889 0.336458 0.219444 0.321354 0.227778 0.317708 0.236111
23 0.765625 0.857407 0.763542 0.841667 0.765625 0.830556 0.771354 0.821296 0.780208 0.816667 0.789062 0.817593 0.797917 0.825000 0.804167 0.831481 0.809896 0.847222 0.810937 0.862037 0.810937 0.871296 0.808854 0.880556 0.802604 0.887037 0.795833 0.893519 0.791146 0.887037 0.783333 0.873148 0.778646 0.871296 0.770833 0.869444
23 0.749479 0.272222 0.745313 0.264815 0.744792 0.254630 0.746354 0.247222 0.749479 0.245370 0.755729 0.245370 0.761979 0.247222 0.766146 0.252778 0.768229 0.262963 0.765104 0.267593 0.760938 0.273148 0.755729 0.273148
31 0.947917 0.155556 0.934375 0.144444 0.918750 0.130556 0.900000 0.118519 0.885417 0.111111 0.876042 0.110185 0.866146 0.103704 0.858854 0.099074 0.853125 0.092593 0.840104 0.099074 0.814063 0.098148 0.798958 0.094444 0.780729 0.097222 0.768750 0.103704 0.760938 0.108333 0.757292 0.111111 0.759896 0.121296 0.766146 0.130556 0.775000 0.136111 0.782813 0.135185 0.792708 0.134259 0.809896 0.131481 0.829167 0.122222 0.838542 0.113889 0.849479 0.110185 0.859375 0.120370 0.859375 0.112963 0.853125 0.107407 0.843750 0.105556 0.836979 0.111111 0.824479 0.117593 0.813542 0.124074 0.798438 0.128704 0.782292 0.130556 0.771875 0.128704 0.762500 0.117593 0.766146 0.110185 0.777083 0.103704 0.790625 0.100000 0.802083 0.100000 0.815104 0.103704 0.833854 0.102778 0.844792 0.101852 0.852083 0.098148 0.859896 0.106481 0.869792 0.112037 0.876563 0.118519 0.885938 0.116667 0.894271 0.120370 0.915104 0.133333 0.932813 0.147222 0.946875 0.160185
23 0.583854 0.145370 0.582812 0.154630 0.584896 0.162963 0.590625 0.162037 0.597396 0.158333 0.600521 0.147222 0.595313 0.138889 0.589583 0.135185
23 0.409375 0.305556 0.412500 0.315741 0.417187 0.323148 0.425521 0.324074 0.435417 0.313889 0.432812 0.304630 0.427083 0.289815 0.416667 0.291667
25 0.467187 0.105556 0.467708 0.121296 0.470833 0.133333 0.474479 0.140741 0.483854 0.139815 0.491146 0.132407 0.504687 0.112037 0.523958 0.082407 0.518750 0.068519 0.510417 0.058333 0.500000 0.057407 0.492188 0.068519 0.473958 0.090741 0.469271 0.097222
23 0.477083 0.079630 0.475000 0.076852 0.475000 0.070370 0.478646 0.068519 0.481250 0.064815 0.484375 0.057407 0.488021 0.062963 0.493229 0.060185 0.493750 0.066667 0.489063 0.073148 0.484375 0.076852
23 0.260417 0.014815 0.254167 0.013889 0.249479 0.018519 0.248958 0.032407 0.253646 0.043519 0.263021 0.043519 0.269271 0.037963 0.270313 0.025000 0.267188 0.017593 0.264062 0.014815
23 0.556250 0.004630 0.555208 0.016667 0.562500 0.025926 0.570833 0.025000 0.573438 0.014815 0.571875 0.002778 0.571354 0.000000 0.559375 0.000000
23 0.652083 0.004630 0.652604 0.012037 0.656771 0.017593 0.666146 0.013889 0.675000 0.019444 0.688542 0.029630 0.707292 0.032407 0.714583 0.028704 0.714583 0.016667 0.706250 0.013889 0.693750 0.006481 0.686458 0.002778 0.684375 0.000000 0.652604 0.000000