23 0.465104 0.900000 0.458854 0.912037 0.456771 0.931481 0.464583 0.937037 0.472917 0.938889 0.482812 0.943519 0.500000 0.933333 0.509896 0.913889 0.527083 0.884259 0.543750 0.837037 0.557292 0.801852 0.568229 0.767593 0.591146 0.747222 0.609896 0.707407 0.602083 0.677778 0.576562 0.694444 0.551562 0.716667 0.534375 0.748148 0.513542 0.793519 0.504167 0.825926 0.493750 0.859259 0.488021 0.880556 0.476562 0.894444
23 0.706250 0.480556 0.716667 0.482407 0.722917 0.494444 0.721875 0.510185 0.716667 0.515741 0.707292 0.520370 0.700000 0.520370 0.694271 0.512037 0.693229 0.501852 0.696875 0.490741
25 0.725521 0.477778 0.733333 0.471296 0.741146 0.464815 0.745313 0.440741 0.756250 0.447222 0.754167 0.464815 0.758854 0.484259 0.760417 0.503704 0.757812 0.531481 0.753125 0.560185 0.745833 0.595370 0.740625 0.632407 0.733854 0.650000 0.721354 0.660185 0.710417 0.653704 0.692708 0.649074 0.682813 0.622222 0.686979 0.602778 0.697917 0.563889 0.706250 0.528704 0.721875 0.484259
23 0.915625 0.763889 0.917188 0.781481 0.927604 0.796296 0.939063 0.794444 0.945833 0.783333 0.951562 0.768519 0.949479 0.748148 0.939063 0.741667 0.930208 0.740741 0.921875 0.744444
23 0.356771 0.375926 0.353646 0.364815 0.353646 0.352778 0.356771 0.345370 0.364063 0.341667 0.371875 0.344444 0.377604 0.353704 0.379167 0.364815 0.374479 0.378704 0.368750 0.381481 0.361979 0.380556
23 0.805208 0.359259 0.800000 0.352778 0.796354 0.340741 0.798958 0.324074 0.805208 0.317593 0.812500 0.322222 0.818229 0.331481 0.822396 0.347222 0.821354 0.358333 0.817187 0.362037 0.810417 0.362037
23 0.158854 0.263889 0.155208 0.253704 0.156250 0.244444 0.161979 0.238889 0.168750 0.237963 0.175521 0.246296 0.176563 0.257407 0.171875 0.266667 0.166146 0.267593
23 0.261979 0.234259 0.261979 0.221296 0.264062 0.215741 0.270833 0.216667 0.274479 0.224074 0.276042 0.236111 0.273958 0.242593 0.268229 0.242593
23 0.268229 0.099074 0.262500 0.096296 0.260417 0.087963 0.262500 0.077778 0.265625 0.072222 0.269792 0.069444 0.274479 0.069444 0.278125 0.075000 0.280729 0.084259 0.279687 0.092593 0.278125 0.096296 0.273958 0.100000 0.269792 0.099074
33 0.001042 0.280556 0.013021 0.259259 0.054167 0.255556 0.123958 0.249074 0.133854 0.285185 0.126562 0.309259 0.122396 0.334259 0.102604 0.342593 0.057292 0.349074 0.040625 0.315741 0.000521 0.312037
23 0.607292 0.073148 0.601042 0.074074 0.598437 0.082407 0.599479 0.095370 0.608854 0.101852 0.616667 0.099074 0.619271 0.088889 0.616667 0.077778 0.610417 0.075000
23 0.201042 0.076852 0.193229 0.079630 0.192188 0.088889 0.194792 0.099074 0.201563 0.101852 0.207292 0.098148 0.208854 0.089815 0.207292 0.082407