23 0.176042 0.562037 0.166667 0.550926 0.167708 0.537037 0.175000 0.526852 0.182292 0.522222 0.189583 0.528704 0.195833 0.539815 0.192708 0.551852 0.184896 0.561111
23 0.126562 0.811111 0.111458 0.808333 0.111979 0.791667 0.115104 0.778704 0.124479 0.762963 0.137500 0.757407 0.152604 0.760185 0.153125 0.780556 0.145833 0.797222 0.141667 0.803704
23 0.182292 0.441667 0.168750 0.443519 0.164062 0.430556 0.170313 0.418519 0.176563 0.410185 0.184896 0.406481 0.193750 0.412963 0.194792 0.422222 0.188542 0.427778
25 0.403646 0.340741 0.398438 0.352778 0.413542 0.368519 0.435937 0.414815 0.455208 0.433333 0.483854 0.461111 0.488021 0.456481 0.470833 0.431481 0.477604 0.375926 0.492188 0.375000 0.464583 0.357407 0.450521 0.346296 0.431771 0.347222 0.411458 0.345370
25 0.307292 0.453704 0.310417 0.469444 0.329167 0.465741 0.343229 0.469444 0.362500 0.464815 0.386979 0.454630 0.405729 0.441667 0.398438 0.402778 0.380729 0.406481 0.367188 0.412037 0.345833 0.422222 0.340625 0.435185 0.332292 0.439815 0.319792 0.445370
33 0.601562 0.495370 0.630729 0.422222 0.656771 0.442593 0.692187 0.470370 0.741667 0.506481 0.776042 0.533333 0.748437 0.615741 0.738021 0.663889 0.685417 0.622222 0.591667 0.552778
30 0.271354 0.666667 0.270313 0.642593 0.278646 0.644444 0.314063 0.662963 0.352604 0.687963 0.368229 0.698148 0.396875 0.734259 0.426042 0.773148 0.444271 0.806481 0.465625 0.877778 0.475000 0.915741 0.477083 0.939815 0.483333 0.996296 0.370312 0.999074 0.361458 0.969444 0.350000 0.930556 0.336979 0.892593 0.323958 0.873148 0.307292 0.817593 0.305729 0.792593 0.298958 0.755556 0.289583 0.720370 0.280729 0.689815
23 0.272917 0.684259 0.273958 0.714815 0.278125 0.741667 0.286458 0.760185 0.287500 0.780556 0.281771 0.801852 0.272917 0.827778 0.263021 0.864815 0.252083 0.877778 0.256250 0.889815 0.265104 0.911111 0.267188 0.892593 0.279167 0.878704 0.288021 0.855556 0.305208 0.818519 0.303646 0.791667 0.296875 0.755556 0.291667 0.735185 0.284375 0.709259 0.278646 0.689815 0.277083 0.684259
23 0.840104 0.632407 0.830729 0.617593 0.830729 0.604630 0.835417 0.599074 0.850000 0.600000 0.860938 0.598148 0.866146 0.609259 0.863021 0.625926 0.857292 0.634259 0.846354 0.634259
23 0.714063 0.223148 0.705729 0.217593 0.704688 0.205556 0.711979 0.198148 0.720313 0.200000 0.726042 0.208333 0.725521 0.212963 0.719792 0.218519
23 0.165625 0.262963 0.159896 0.269444 0.156771 0.276852 0.157292 0.289815 0.165104 0.296296 0.178125 0.300000 0.183854 0.285185 0.181771 0.268519 0.176563 0.262037
23 0.272917 0.221296 0.266146 0.224074 0.262500 0.230556 0.262500 0.242593 0.268750 0.250000 0.277604 0.250000 0.282813 0.240741 0.281250 0.229630 0.277604 0.223148
23 0.416146 0.175000 0.411458 0.174074 0.407292 0.176852 0.404167 0.185185 0.404687 0.190741 0.408854 0.195370 0.408854 0.205556 0.418750 0.202778 0.424479 0.195370 0.421875 0.183333
23 0.906250 0.296296 0.897396 0.293519 0.891146 0.284259 0.893229 0.272222 0.897917 0.262963 0.906250 0.264815 0.911458 0.273148 0.914583 0.285185
23 0.669792 0.150926 0.663021 0.157407 0.657292 0.158333 0.651042 0.151852 0.649479 0.140741 0.652083 0.132407 0.659375 0.129630 0.665104 0.133333 0.669792 0.138889 0.669792 0.145370
23 0.306771 0.166667 0.300000 0.172222 0.299479 0.187037 0.287500 0.191667 0.281250 0.184259 0.281771 0.166667 0.289583 0.151852 0.303125 0.140741 0.318750 0.137037 0.330208 0.139815 0.335938 0.148148 0.333333 0.156481 0.318229 0.160185
23 0.345833 0.195370 0.336979 0.199074 0.328125 0.201852 0.321354 0.200000 0.323437 0.186111 0.332292 0.177778 0.344792 0.174074 0.356771 0.170370 0.368229 0.171296 0.375521 0.174074 0.377604 0.186111 0.367708 0.191667 0.352604 0.194444
23 0.482292 0.120370 0.480729 0.112963 0.476562 0.112037 0.471354 0.112963 0.467708 0.120370 0.467187 0.130556 0.472396 0.136111 0.480208 0.137963 0.483333 0.132407
23 0.419792 0.046296 0.415104 0.047222 0.408333 0.050926 0.407292 0.064815 0.412500 0.069444 0.421354 0.068519 0.426042 0.060185 0.425521 0.052778