23 0.283333 0.637963 0.275000 0.630556 0.275000 0.612037 0.280729 0.599074 0.291667 0.599074 0.303646 0.604630 0.307292 0.621296 0.304688 0.633333 0.295833 0.637037
23 0.392188 0.465741 0.382292 0.459259 0.377604 0.438889 0.383854 0.434259 0.393229 0.430556 0.402083 0.440741 0.405729 0.459259
23 0.480729 0.216667 0.470833 0.212963 0.468750 0.200000 0.471875 0.193519 0.480208 0.194444 0.487500 0.197222 0.489063 0.203704 0.485417 0.213889
23 0.731250 0.255556 0.721354 0.255556 0.718750 0.238889 0.721875 0.224074 0.730208 0.221296 0.736458 0.231481 0.739583 0.247222
23 0.839063 0.210185 0.831771 0.196296 0.839063 0.187037 0.845833 0.186111 0.850000 0.195370 0.848958 0.210185
25 0.633333 0.402778 0.642708 0.394444 0.651563 0.416667 0.665625 0.440741 0.684896 0.457407 0.702083 0.492593 0.722396 0.544444 0.701042 0.523148 0.696354 0.520370 0.679688 0.544444 0.671875 0.568519 0.672917 0.587037 0.682292 0.614815 0.674479 0.615741 0.664583 0.595370 0.652604 0.546296 0.642708 0.499074 0.645312 0.471296 0.645312 0.440741 0.641146 0.429630 0.634896 0.410185
25 0.508333 0.484259 0.509896 0.447222 0.529167 0.458333 0.543229 0.455556 0.560417 0.452778 0.605208 0.467593 0.604688 0.505556 0.603125 0.519444 0.580208 0.507407 0.560417 0.506481 0.548438 0.502778 0.532813 0.492593 0.521875 0.485185
30 0.392708 0.720370 0.411458 0.606481 0.418750 0.605556 0.443229 0.677778 0.458333 0.737037 0.465104 0.814815 0.473438 0.908333 0.467708 0.994444 0.347917 0.997222 0.357812 0.935185 0.360938 0.880556 0.365625 0.833333 0.377083 0.792593 0.388542 0.749074
23 0.397917 0.679630 0.395833 0.658333 0.388542 0.684259 0.386458 0.718519 0.380729 0.753704 0.354687 0.774074 0.335938 0.788889 0.325521 0.799074 0.316146 0.820370 0.299479 0.837963 0.302604 0.848148 0.322917 0.839815 0.353125 0.810185 0.370312 0.800926 0.380208 0.778704 0.387500 0.752778 0.389062 0.726852 0.391667 0.706481
33 0.793229 0.828704 0.827083 0.798148 0.850000 0.787963 0.887500 0.778704 0.917188 0.838889 0.939063 0.890741 0.968229 0.945370 0.997917 0.994444 0.846354 0.994444 0.783333 0.912037
23 0.428646 0.323148 0.419271 0.336111 0.421354 0.354630 0.437500 0.364815 0.444792 0.350926 0.443229 0.326852
23 0.568750 0.192593 0.560417 0.200000 0.559375 0.215741 0.566146 0.225926 0.579688 0.224074 0.584896 0.209259 0.579688 0.194444
23 0.640104 0.157407 0.632812 0.158333 0.630208 0.165741 0.621875 0.171296 0.615625 0.168519 0.615625 0.154630 0.620833 0.140741 0.633854 0.133333 0.645833 0.132407 0.659896 0.135185 0.670833 0.138889 0.677083 0.148148 0.675000 0.157407 0.666667 0.157407 0.656250 0.156481
23 0.686979 0.209259 0.676562 0.210185 0.661458 0.210185 0.651042 0.205556 0.642188 0.196296 0.650000 0.181481 0.666667 0.177778 0.685417 0.180556 0.699479 0.187037 0.710938 0.196296 0.710938 0.212037 0.702604 0.215741
23 0.258333 0.289815 0.251042 0.296296 0.244792 0.294444 0.241667 0.284259 0.248438 0.275000 0.255729 0.273148 0.260937 0.279630
23 0.801042 0.068519 0.793229 0.070370 0.788021 0.076852 0.787500 0.089815 0.797396 0.097222 0.807813 0.099074 0.811979 0.088889 0.808333 0.074074