25 0.614583 0.457407 0.626563 0.448148 0.637500 0.481481 0.648958 0.500926 0.673958 0.525926 0.689063 0.568519 0.711458 0.625926 0.687500 0.595370 0.678646 0.588889 0.654167 0.635185 0.669792 0.672222 0.669792 0.696296 0.655729 0.676852 0.639062 0.635185 0.627083 0.586111 0.619792 0.528704 0.622917 0.492593
25 0.480208 0.542593 0.477083 0.509259 0.493750 0.511111 0.516667 0.510185 0.528125 0.509259 0.546875 0.512963 0.562500 0.517593 0.581771 0.518519 0.582292 0.574074 0.559896 0.574074 0.533333 0.566667 0.518750 0.558333 0.511458 0.551852 0.503646 0.545370 0.496354 0.543519 0.490625 0.547222
30 0.312500 0.990741 0.319792 0.941667 0.338021 0.875926 0.368750 0.691667 0.378646 0.692593 0.398438 0.769444 0.412500 0.832407 0.419792 0.871296 0.429167 0.998148
23 0.259896 0.943519 0.259375 0.978704 0.296875 0.946296 0.321354 0.925926 0.337500 0.865741 0.344792 0.825926 0.337500 0.825926 0.333333 0.851852 0.319792 0.882407 0.286979 0.919444 0.268229 0.936111
23 0.707812 0.278704 0.698958 0.273148 0.698438 0.262037 0.703125 0.252778 0.710417 0.248148 0.717708 0.258333 0.720313 0.269444 0.714583 0.279630
23 0.242188 0.740741 0.223438 0.738889 0.217708 0.726852 0.221354 0.698148 0.233333 0.698148 0.249479 0.698148 0.248958 0.730556
23 0.349479 0.524074 0.340104 0.513889 0.341146 0.497222 0.353125 0.489815 0.360417 0.489815 0.367188 0.510185 0.360938 0.522222
23 0.387500 0.390741 0.398958 0.404630 0.410417 0.400000 0.415625 0.373148 0.408333 0.359259 0.398958 0.358333 0.386979 0.367593
23 0.450521 0.212037 0.441667 0.219444 0.439583 0.236111 0.448958 0.248148 0.463542 0.245370 0.465104 0.225000 0.461458 0.214815
23 0.539062 0.249074 0.545833 0.258333 0.557292 0.250926 0.559896 0.229630 0.550521 0.218519 0.542708 0.215741 0.536458 0.229630
23 0.823958 0.228704 0.831250 0.239815 0.841146 0.235185 0.845833 0.214815 0.840104 0.201852 0.829167 0.197222 0.819792 0.201852 0.815625 0.217593
23 0.217188 0.325926 0.209375 0.327778 0.203646 0.324074 0.203125 0.314815 0.206250 0.304630 0.212500 0.301852 0.217708 0.304630 0.221354 0.311111 0.221875 0.317593
23 0.613021 0.169444 0.605729 0.173148 0.603125 0.184259 0.595833 0.187037 0.591146 0.176852 0.590625 0.165741 0.597917 0.150926 0.608854 0.145370 0.620833 0.144444 0.635938 0.144444 0.647917 0.148148 0.655729 0.156481 0.656771 0.172222 0.647917 0.173148 0.641146 0.166667 0.627604 0.165741
23 0.664583 0.229630 0.656771 0.230556 0.644271 0.230556 0.632292 0.225000 0.623437 0.217593 0.629167 0.201852 0.644792 0.195370 0.666146 0.200000 0.680729 0.206481 0.689583 0.219444 0.690625 0.231481 0.681771 0.233333
23 0.781771 0.081481 0.775521 0.083333 0.770833 0.087963 0.769271 0.100000 0.775521 0.106481 0.789583 0.108333 0.794792 0.095370 0.790104 0.084259