25 0.654167 0.655556 0.644271 0.612963 0.659375 0.604630 0.671354 0.647222 0.707292 0.705556 0.733854 0.754630 0.757292 0.829630 0.785937 0.906481 0.752604 0.851852 0.740625 0.833333 0.731250 0.835185 0.725000 0.854630 0.706771 0.900926 0.718229 0.957407 0.710938 0.961111 0.696875 0.929630 0.680208 0.847222 0.661979 0.762963 0.654687 0.708333 0.658333 0.673148
25 0.481771 0.718519 0.482292 0.678704 0.505208 0.686111 0.527083 0.683333 0.545312 0.677778 0.558333 0.682407 0.583854 0.693519 0.611458 0.700926 0.608854 0.764815 0.584896 0.763889 0.561979 0.759259 0.543229 0.738889 0.515104 0.724074 0.497917 0.720370
23 0.159375 0.973148 0.161458 0.944444 0.172396 0.931481 0.188542 0.919444 0.201042 0.926852 0.205208 0.944444 0.200000 0.969444 0.189062 0.987037 0.172917 0.999074 0.161458 0.988889
23 0.387500 0.522222 0.378125 0.509259 0.377604 0.492593 0.382292 0.476852 0.395313 0.478704 0.407292 0.496296 0.403646 0.505556 0.396354 0.515741
23 0.877604 0.305556 0.869792 0.294444 0.870833 0.276852 0.883333 0.273148 0.893229 0.280556 0.892188 0.289815 0.891146 0.307407
23 0.447396 0.311111 0.442708 0.301852 0.441667 0.287037 0.446875 0.280556 0.456250 0.277778 0.461458 0.281481 0.464583 0.290741 0.463542 0.300926 0.459375 0.306481 0.454167 0.310185
23 0.560417 0.322222 0.553125 0.316667 0.551042 0.301852 0.556771 0.294444 0.565625 0.291667 0.572917 0.300000 0.573438 0.311111 0.568229 0.317593
23 0.753125 0.374074 0.739583 0.362037 0.738021 0.350926 0.739062 0.336111 0.748958 0.333333 0.756250 0.338889 0.759896 0.351852 0.757292 0.364815
23 0.325521 0.690741 0.343229 0.687037 0.352083 0.672222 0.357292 0.649074 0.347917 0.635185 0.333854 0.631481 0.323437 0.639815 0.313542 0.657407 0.316146 0.675926
23 0.195833 0.389815 0.189062 0.400926 0.181771 0.400926 0.176563 0.394444 0.177083 0.379630 0.183333 0.373148 0.192188 0.375000 0.196354 0.381481
23 0.626042 0.225000 0.622396 0.227778 0.621354 0.241667 0.615104 0.243519 0.608333 0.240741 0.607292 0.225000 0.609896 0.208333 0.617708 0.198148 0.629167 0.193519 0.643229 0.193519 0.661458 0.196296 0.676562 0.202778 0.684375 0.209259 0.684896 0.222222 0.679688 0.227778 0.668229 0.222222 0.653646 0.219444 0.643229 0.217593 0.632292 0.218519
23 0.679688 0.290741 0.671354 0.294444 0.661979 0.293519 0.652604 0.286111 0.647917 0.275000 0.653646 0.265741 0.669271 0.265741 0.687500 0.268519 0.705208 0.275000 0.719792 0.285185 0.721875 0.297222 0.716146 0.304630 0.703646 0.301852 0.693750 0.294444 0.682292 0.290741
23 0.817187 0.124074 0.811979 0.126852 0.807813 0.131481 0.806771 0.147222 0.817187 0.152778 0.832292 0.153704 0.832292 0.137963 0.826562 0.128704