23 0.401042 0.922222 0.378646 0.924074 0.357292 0.925926 0.352083 0.917593 0.371875 0.885185 0.387500 0.872222 0.398958 0.894444
23 0.841667 0.862037 0.825521 0.848148 0.820312 0.820370 0.831250 0.803704 0.842187 0.811111 0.852604 0.817593 0.857292 0.835185 0.854688 0.858333
23 0.793229 0.820370 0.779687 0.792593 0.787500 0.779630 0.798958 0.754630 0.817708 0.788889 0.807813 0.812963
23 0.770833 0.685185 0.750000 0.673148 0.734375 0.687963 0.732292 0.662037 0.746875 0.639815 0.772396 0.650000
23 0.121354 0.900926 0.089063 0.895370 0.075000 0.857407 0.100000 0.850000 0.121354 0.859259 0.121354 0.875000
23 0.160417 0.706481 0.145833 0.703704 0.134375 0.679630 0.144271 0.659259 0.161979 0.653704 0.170313 0.666667 0.175000 0.695370
23 0.267188 0.763889 0.248438 0.769444 0.243750 0.747222 0.252083 0.725926 0.263542 0.717593 0.280729 0.730556 0.283333 0.749074
23 0.306250 0.772222 0.297396 0.741667 0.304688 0.728704 0.321354 0.717593 0.337500 0.729630 0.341667 0.750926 0.338021 0.763889
23 0.614583 0.418519 0.607812 0.425926 0.606771 0.433333 0.606771 0.442593 0.614062 0.448148 0.627083 0.444444 0.633854 0.430556 0.625521 0.427778
23 0.693750 0.439815 0.689583 0.459259 0.694271 0.466667 0.704688 0.470370 0.708854 0.468519 0.713542 0.455556 0.712500 0.444444 0.706771 0.441667
23 0.884896 0.488889 0.879687 0.492593 0.878646 0.503704 0.884896 0.511111 0.889583 0.514815 0.894792 0.512963 0.898438 0.500000 0.896354 0.488889 0.891667 0.485185
23 0.617188 0.355556 0.608854 0.362037 0.606250 0.367593 0.606771 0.370370 0.607292 0.379630 0.618750 0.379630 0.629687 0.379630 0.631250 0.366667 0.622917 0.359259
23 0.764583 0.612963 0.753646 0.614815 0.737500 0.611111 0.724479 0.607407 0.722917 0.593519 0.728646 0.586111 0.737500 0.581481 0.757292 0.586111 0.772917 0.573148 0.788542 0.567593 0.806250 0.577778 0.817187 0.595370 0.821354 0.617593 0.818750 0.624074 0.810937 0.619444 0.796354 0.609259 0.791667 0.597222 0.785937 0.591667 0.780208 0.600000 0.777083 0.607407
33 0.750000 0.573148 0.752083 0.540741 0.822396 0.534259 0.851562 0.570370 0.847917 0.602778 0.823958 0.601852 0.816667 0.594444 0.807292 0.579630 0.797396 0.572222 0.787500 0.569444 0.775000 0.573148 0.769792 0.568519 0.761979 0.572222 0.757292 0.578704