23 0.104688 0.848148 0.081771 0.849074 0.072396 0.822222 0.071875 0.790741 0.081771 0.763889 0.098958 0.743519 0.115104 0.748148 0.134375 0.774074 0.138542 0.811111 0.133333 0.839815
23 0.064062 0.652778 0.045312 0.664815 0.031250 0.663889 0.020833 0.639815 0.022396 0.619444 0.032292 0.594444 0.051042 0.591667 0.064062 0.608333 0.067187 0.631481
23 0.114583 0.434259 0.097396 0.433333 0.091146 0.419444 0.090104 0.396296 0.101042 0.384259 0.116146 0.377778 0.131250 0.397222 0.125521 0.422222
23 0.243229 0.492593 0.226562 0.489815 0.222917 0.470370 0.220833 0.446296 0.229167 0.435185 0.245833 0.432407 0.258854 0.442593 0.266146 0.461111 0.258333 0.479630
23 0.307292 0.488889 0.290104 0.485185 0.283333 0.469444 0.281250 0.450926 0.290625 0.433333 0.306250 0.426852 0.325000 0.435185 0.326042 0.462037 0.321875 0.480556
23 0.375000 0.611111 0.356250 0.630556 0.347396 0.651852 0.357292 0.670370 0.373437 0.670370 0.388021 0.668519 0.409896 0.666667 0.416146 0.639815 0.410417 0.604630 0.394271 0.607407
23 0.933333 0.579630 0.922917 0.596296 0.908333 0.593519 0.896875 0.570370 0.903125 0.546296 0.916667 0.533333 0.928646 0.550926
23 0.864583 0.543519 0.850521 0.530556 0.850000 0.517593 0.851042 0.503704 0.858333 0.490741 0.868229 0.490741 0.881250 0.499074 0.884896 0.511111 0.878125 0.539815
23 0.809375 0.384259 0.794271 0.387037 0.783854 0.390741 0.783333 0.373148 0.792708 0.355556 0.804688 0.355556 0.815104 0.357407 0.820833 0.368519 0.821354 0.385185
23 0.869271 0.335185 0.863021 0.330556 0.854167 0.325000 0.848958 0.319444 0.844271 0.314815 0.842187 0.308333 0.836979 0.300926 0.830729 0.300926 0.824479 0.312963 0.816146 0.320370 0.792708 0.322222 0.773958 0.321296 0.763021 0.311111 0.767188 0.291667 0.783333 0.281481 0.794271 0.284259 0.805729 0.277778 0.820833 0.270370 0.838021 0.270370 0.850000 0.277778 0.861458 0.288889 0.867708 0.301852 0.869792 0.319444
23 0.923438 0.225926 0.912500 0.223148 0.917188 0.207407 0.925521 0.200000 0.938021 0.202778 0.945833 0.219444 0.941146 0.237037
23 0.726562 0.173148 0.705729 0.171296 0.707292 0.146296 0.715625 0.132407 0.727083 0.127778 0.736458 0.135185 0.741667 0.154630 0.739062 0.166667
23 0.642708 0.141667 0.628646 0.150000 0.619271 0.130556 0.622396 0.112037 0.635938 0.100000 0.647396 0.113889 0.648438 0.132407
23 0.627083 0.079630 0.614062 0.072222 0.619271 0.054630 0.629687 0.041667 0.641667 0.047222 0.645312 0.066667 0.641667 0.081481
33 0.784375 0.276852 0.790625 0.237037 0.864062 0.239815 0.904687 0.275926 0.900521 0.314815 0.872917 0.312963 0.862500 0.292593 0.851042 0.277778 0.838542 0.269444 0.823438 0.268519 0.812500 0.275926 0.800521 0.278704