23 0.077083 0.857407 0.058333 0.844444 0.045833 0.824074 0.051042 0.788889 0.057813 0.759259 0.081250 0.755556 0.108333 0.772222 0.113542 0.791667 0.110937 0.831481 0.098437 0.852778
23 0.014583 0.684259 0.041146 0.665741 0.037500 0.628704 0.021875 0.601852 0.003646 0.604630 0.000000 0.620370 0.000000 0.677778
23 0.078646 0.463889 0.064583 0.454630 0.053646 0.425000 0.062500 0.406481 0.080208 0.406481 0.094271 0.408333 0.098437 0.429630 0.091667 0.455556
23 0.207292 0.511111 0.190104 0.506481 0.190625 0.479630 0.198437 0.450926 0.210938 0.464815 0.229687 0.465741 0.231771 0.490741 0.220833 0.506481
23 0.273438 0.498148 0.259896 0.501852 0.248958 0.475000 0.258333 0.444444 0.275521 0.443519 0.293750 0.448148 0.300521 0.478704 0.293229 0.497222
23 0.341667 0.610185 0.328125 0.638889 0.323437 0.665741 0.341667 0.677778 0.352604 0.664815 0.380729 0.673148 0.395833 0.639815 0.379688 0.604630 0.362500 0.600000
23 0.883333 0.570370 0.870833 0.557407 0.872396 0.535185 0.881250 0.520370 0.894271 0.513889 0.908333 0.528704 0.910937 0.547222 0.903646 0.563889
23 0.825000 0.518519 0.821354 0.499074 0.826042 0.471296 0.839063 0.466667 0.851042 0.476852 0.861458 0.492593 0.854688 0.514815 0.842187 0.526852
23 0.771875 0.380556 0.758333 0.379630 0.749479 0.371296 0.752604 0.357407 0.756250 0.350926 0.768229 0.350926 0.784896 0.355556 0.792708 0.357407 0.796875 0.368519 0.792188 0.381481 0.782813 0.379630
23 0.835417 0.329630 0.829167 0.328704 0.824479 0.324074 0.817187 0.317593 0.812500 0.315741 0.807813 0.308333 0.803646 0.301852 0.796875 0.299074 0.789583 0.307407 0.782292 0.320370 0.764062 0.322222 0.751563 0.322222 0.741667 0.315741 0.731771 0.317593 0.728646 0.308333 0.732292 0.292593 0.746354 0.287963 0.756771 0.288889 0.767188 0.281481 0.787500 0.272222 0.801042 0.269444 0.818750 0.277778 0.826042 0.296296 0.832292 0.311111
23 0.687500 0.185185 0.673438 0.181481 0.670833 0.169444 0.676042 0.150926 0.684896 0.143519 0.694792 0.148148 0.703646 0.169444 0.701562 0.182407
23 0.596354 0.163889 0.586979 0.168519 0.579688 0.155556 0.581771 0.132407 0.595833 0.125926 0.607292 0.135185 0.608333 0.157407
23 0.585938 0.106481 0.573438 0.103704 0.577083 0.081481 0.591146 0.070370 0.604167 0.076852 0.606250 0.100000
23 0.885938 0.233333 0.876042 0.227778 0.875000 0.212963 0.882292 0.200926 0.892188 0.191667 0.901042 0.197222 0.905208 0.219444 0.899479 0.230556
33 0.748958 0.277778 0.754167 0.244444 0.828125 0.238889 0.866146 0.274074 0.863021 0.309259 0.839583 0.310185 0.827083 0.299074 0.818750 0.283333 0.803646 0.270370 0.789583 0.274074 0.773438 0.279630 0.761458 0.284259