23 0.037500 0.746296 0.018229 0.742593 0.010937 0.717593 0.009896 0.687963 0.014063 0.663889 0.021875 0.643519 0.035417 0.638889 0.053646 0.641667 0.066667 0.654630 0.079167 0.670370 0.078646 0.708333 0.064062 0.733333
23 0.038542 0.377778 0.021875 0.381481 0.015625 0.369444 0.004687 0.337963 0.019792 0.325926 0.039583 0.314815 0.053646 0.333333 0.051042 0.359259
23 0.165625 0.411111 0.148438 0.412963 0.142708 0.398148 0.136979 0.376852 0.148438 0.353704 0.158333 0.352778 0.181250 0.363889 0.183333 0.386111 0.177604 0.400000
23 0.227604 0.398148 0.216146 0.397222 0.202083 0.388889 0.202083 0.370370 0.210938 0.347222 0.225000 0.340741 0.237500 0.348148 0.251042 0.359259 0.251042 0.372222 0.242188 0.397222
23 0.296354 0.545370 0.287500 0.519444 0.290104 0.506481 0.302083 0.486111 0.328125 0.486111 0.338021 0.503704 0.343229 0.530556 0.332292 0.541667 0.313542 0.539815
23 0.857292 0.445370 0.829688 0.435185 0.818750 0.412963 0.826562 0.388889 0.842708 0.382407 0.858854 0.403704 0.861458 0.433333
23 0.795833 0.397222 0.779687 0.397222 0.771875 0.387963 0.769271 0.370370 0.772917 0.350926 0.793229 0.339815 0.798958 0.346296 0.804688 0.356481 0.808854 0.376852 0.804167 0.388889
23 0.782292 0.222222 0.772917 0.212963 0.765625 0.208333 0.759896 0.208333 0.756250 0.201852 0.752604 0.196296 0.749479 0.192593 0.743750 0.190741 0.739062 0.195370 0.735938 0.200926 0.732292 0.211111 0.711458 0.210185 0.692708 0.212963 0.682292 0.210185 0.675521 0.200926 0.676042 0.189815 0.682292 0.186111 0.691146 0.179630 0.707812 0.172222 0.731250 0.170370 0.743750 0.165741 0.754687 0.166667 0.769792 0.178704 0.778646 0.194444 0.782292 0.206481
23 0.739583 0.269444 0.726562 0.262037 0.712500 0.264815 0.704688 0.270370 0.695833 0.259259 0.698438 0.241667 0.711979 0.233333 0.727604 0.234259 0.735938 0.243519 0.740625 0.256481
23 0.544792 0.077778 0.531771 0.084259 0.522917 0.079630 0.523438 0.062037 0.529687 0.047222 0.539583 0.041667 0.550000 0.050000 0.552604 0.063889
23 0.633854 0.093519 0.620833 0.095370 0.613021 0.087037 0.614583 0.067593 0.625521 0.052778 0.637500 0.052778 0.645833 0.068519 0.647396 0.086111
23 0.834896 0.132407 0.821354 0.125926 0.823958 0.107407 0.832292 0.096296 0.841667 0.093519 0.851042 0.103704 0.853125 0.124074 0.848437 0.137037
33 0.698438 0.144444 0.773438 0.137037 0.811979 0.169444 0.809375 0.203704 0.782813 0.201852 0.773438 0.186111 0.766146 0.175000 0.751563 0.164815 0.740104 0.167593 0.726562 0.173148 0.712500 0.169444 0.706250 0.173148 0.694792 0.170370