23 0.447917 0.447222 0.438021 0.461111 0.437500 0.481481 0.441667 0.500926 0.452083 0.511111 0.461458 0.511111 0.471354 0.503704 0.477083 0.495370 0.479167 0.475000 0.476042 0.458333 0.467187 0.449074 0.455729 0.447222
23 0.657292 0.492593 0.648438 0.500000 0.645312 0.512963 0.645833 0.529630 0.655729 0.541667 0.660937 0.538889 0.666667 0.541667 0.677083 0.544444 0.683333 0.532407 0.683333 0.513889 0.676562 0.502778 0.669792 0.496296
23 0.141146 0.486111 0.134896 0.498148 0.134896 0.513889 0.140625 0.524074 0.154688 0.531481 0.162500 0.517593 0.168750 0.487963 0.157292 0.480556 0.146875 0.481481
23 0.180729 0.501852 0.169792 0.514815 0.166146 0.533333 0.173437 0.555556 0.184375 0.552778 0.190104 0.539815 0.192188 0.527778 0.192188 0.511111
23 0.023438 0.628704 0.015625 0.639815 0.012500 0.659259 0.018229 0.676852 0.031250 0.682407 0.042188 0.679630 0.046354 0.664815 0.049479 0.646296 0.043750 0.630556 0.034375 0.624074
23 0.798438 0.941667 0.784896 0.956481 0.769271 0.948148 0.754687 0.933333 0.752604 0.903704 0.759375 0.890741 0.776042 0.876852 0.792708 0.886111 0.799479 0.903704 0.801562 0.925926
23 0.822917 0.997222 0.881250 0.998148 0.873437 0.984259 0.859896 0.965741 0.846875 0.948148 0.833854 0.956481 0.824479 0.979630
23 0.317188 0.206481 0.307812 0.214815 0.306771 0.229630 0.311458 0.238889 0.320833 0.253704 0.331771 0.251852 0.339062 0.247222 0.341146 0.235185 0.339583 0.219444 0.331771 0.206481
23 0.258333 0.277778 0.246354 0.275000 0.239583 0.260185 0.242708 0.248148 0.249479 0.244444 0.261979 0.246296 0.266667 0.257407 0.266146 0.271296
23 0.218229 0.238889 0.208333 0.239815 0.200000 0.234259 0.197396 0.224074 0.203646 0.216667 0.210417 0.214815 0.218750 0.214815 0.221354 0.222222 0.221354 0.235185
23 0.882292 0.303704 0.876042 0.308333 0.873437 0.312963 0.871875 0.324074 0.870313 0.335185 0.876563 0.344444 0.887500 0.352778 0.895833 0.352778 0.900000 0.345370 0.900000 0.328704 0.895833 0.318519 0.894792 0.311111
23 0.527604 0.246296 0.521875 0.254630 0.520833 0.268519 0.527083 0.277778 0.533333 0.283333 0.545833 0.277778 0.548438 0.266667 0.549479 0.250926 0.542188 0.243519
23 0.019792 0.234259 0.014583 0.255556 0.015625 0.270370 0.020833 0.281481 0.032292 0.279630 0.041146 0.266667 0.044792 0.254630 0.042188 0.246296 0.033333 0.235185
23 0.710938 0.139815 0.704688 0.137037 0.697396 0.145370 0.694271 0.161111 0.699479 0.175926 0.705208 0.178704 0.714583 0.171296 0.719792 0.164815 0.719792 0.160185 0.717708 0.148148
23 0.885417 0.215741 0.879687 0.226852 0.879687 0.239815 0.882812 0.246296 0.892188 0.255556 0.901042 0.250926 0.906771 0.243519 0.907813 0.230556 0.901042 0.220370 0.893229 0.216667
23 0.968229 0.465741 0.960938 0.474074 0.960938 0.487037 0.968750 0.494444 0.977604 0.499074 0.985938 0.488889 0.980729 0.475000
23 0.342708 0.998148 0.347917 0.980556 0.335938 0.953704 0.314583 0.945370 0.297917 0.963889 0.295312 0.992593 0.302083 0.998148
1 0.400000 0.837037 0.397917 0.879630 0.401562 0.897222 0.413542 0.900000 0.420312 0.892593 0.450000 0.889815 0.450000 0.838889
25 0.483333 0.484259 0.482292 0.468519 0.502083 0.432407 0.513542 0.425926 0.516146 0.430556 0.515625 0.450926 0.499479 0.491667
33 0.660937 0.113889 0.662500 0.079630 0.736979 0.052778 0.763021 0.082407 0.760938 0.111111 0.698438 0.140741 0.685937 0.137037
23 0.177083 0.171296 0.167187 0.177778 0.159896 0.169444 0.160417 0.150000 0.169792 0.137037 0.181250 0.132407 0.191146 0.140741 0.192188 0.164815 0.188542 0.173148
23 0.793750 0.321296 0.787500 0.314815 0.779687 0.308333 0.780208 0.292593 0.790625 0.287963 0.802083 0.299074 0.804688 0.317593 0.803646 0.328704