23 0.119792 0.382407 0.116146 0.392593 0.117188 0.408333 0.119792 0.417593 0.131250 0.417593 0.141146 0.417593 0.144271 0.406481 0.146875 0.387963 0.140625 0.375000 0.132812 0.372222 0.125000 0.375000
23 0.160938 0.491667 0.154688 0.498148 0.154167 0.517593 0.158854 0.528704 0.165625 0.536111 0.175000 0.537037 0.182292 0.527778 0.184896 0.508333 0.180208 0.495370 0.173958 0.488889
23 0.217708 0.552778 0.208854 0.559259 0.207292 0.570370 0.208854 0.579630 0.211979 0.587963 0.222396 0.596296 0.231771 0.596296 0.238542 0.578704 0.235937 0.559259 0.227083 0.552778
23 0.300000 0.499074 0.293750 0.506481 0.289583 0.525926 0.294792 0.539815 0.301563 0.554630 0.314583 0.555556 0.328125 0.539815 0.329688 0.521296 0.326562 0.510185 0.319792 0.500926 0.312500 0.497222
23 0.562500 0.563889 0.554688 0.575926 0.555208 0.590741 0.560417 0.598148 0.565104 0.601852 0.572917 0.603704 0.577604 0.602778 0.583854 0.600926 0.590104 0.595370 0.592187 0.584259 0.589583 0.575926 0.584896 0.563889 0.578646 0.560185 0.572396 0.558333
23 0.478125 0.896296 0.463542 0.908333 0.456250 0.925926 0.457292 0.962963 0.467187 0.984259 0.481771 0.997222 0.498437 0.985185 0.507812 0.970370 0.511458 0.950926 0.507812 0.920370 0.497396 0.900926
25 0.532292 0.882407 0.527083 0.897222 0.515104 0.931481 0.516146 0.944444 0.522396 0.950926 0.531250 0.955556 0.539062 0.952778 0.543229 0.935185 0.553125 0.906481 0.554688 0.892593 0.553646 0.884259 0.549479 0.877778 0.542188 0.872222 0.534896 0.875000
23 0.072917 0.979630 0.059896 0.960185 0.068229 0.937037 0.077083 0.935185 0.091146 0.931481 0.106250 0.945370 0.107813 0.962963 0.106771 0.983333 0.100000 0.992593 0.086458 0.993519
23 0.769792 0.998148 0.729688 0.998148 0.729688 0.988889 0.731771 0.975000 0.740104 0.959259 0.752604 0.963889 0.761458 0.975000 0.764583 0.981481
33 0.720313 0.330556 0.721354 0.290741 0.813021 0.257407 0.850000 0.288889 0.847396 0.324074 0.819271 0.333333 0.763542 0.372222 0.753125 0.370370
31 0.273438 0.427778 0.261979 0.437037 0.250521 0.437963 0.242188 0.422222 0.244792 0.398148 0.254688 0.381481 0.271875 0.375000 0.283333 0.379630 0.293750 0.393519 0.314583 0.395370 0.330729 0.392593 0.330208 0.365741 0.351042 0.363889 0.363542 0.344444 0.375521 0.337037 0.379688 0.341667 0.375521 0.363889 0.362500 0.380556 0.370312 0.390741 0.381250 0.404630 0.375000 0.422222 0.346875 0.414815 0.344271 0.425000 0.363542 0.423148 0.369792 0.434259 0.369792 0.458333 0.354687 0.474074 0.339583 0.467593 0.324479 0.450926 0.316667 0.443519 0.309896 0.455556 0.297396 0.459259 0.292187 0.438889 0.283333 0.436111
23 0.780208 0.429630 0.767188 0.431481 0.760938 0.424074 0.760938 0.406481 0.764583 0.386111 0.771354 0.374074 0.785937 0.375000 0.795312 0.381481 0.798438 0.401852 0.797917 0.422222 0.793229 0.430556
23 0.892188 0.648148 0.884375 0.642593 0.879167 0.637037 0.882812 0.621296 0.889583 0.616667 0.896354 0.619444 0.902604 0.628704 0.908854 0.644444 0.908333 0.659259 0.901042 0.668519 0.895833 0.658333
27 0.089583 0.206481 0.122396 0.247222 0.144792 0.260185 0.168750 0.225000 0.152083 0.197222 0.116146 0.159259 0.101042 0.159259 0.074479 0.190741
27 0.403125 0.163889 0.438542 0.197222 0.475000 0.236111 0.501042 0.203704 0.471875 0.166667 0.444271 0.131481 0.425521 0.114815 0.405729 0.127778 0.394792 0.150000
23 0.754167 0.100000 0.746875 0.106481 0.744792 0.120370 0.747396 0.134259 0.759375 0.135185 0.765625 0.124074 0.764062 0.105556 0.760938 0.100926