23 0.098437 0.497222 0.092708 0.512037 0.095312 0.525000 0.097396 0.532407 0.106771 0.535185 0.112500 0.533333 0.121354 0.529630 0.127604 0.516667 0.125521 0.503704 0.123438 0.492593 0.114583 0.488889 0.107813 0.488889
23 0.145833 0.627778 0.136458 0.637037 0.133854 0.651852 0.134896 0.663889 0.140104 0.676852 0.147396 0.680556 0.159896 0.676852 0.164583 0.660185 0.166667 0.650000 0.161979 0.634259 0.156771 0.627778
23 0.192188 0.708333 0.184896 0.734259 0.192188 0.746296 0.201042 0.748148 0.208333 0.757407 0.217708 0.756481 0.223958 0.748148 0.227083 0.730556 0.217708 0.711111 0.211458 0.709259 0.206771 0.711111
23 0.288542 0.645370 0.281250 0.650926 0.278125 0.663889 0.279167 0.681481 0.283333 0.697222 0.295833 0.706481 0.313021 0.704630 0.320312 0.687037 0.320312 0.674074 0.314063 0.655556 0.303646 0.644444
23 0.578646 0.709259 0.567708 0.723148 0.565104 0.744444 0.572917 0.763889 0.582812 0.768519 0.596875 0.766667 0.604167 0.762037 0.609896 0.737963 0.607812 0.722222 0.600000 0.714815 0.591146 0.706481
23 0.809896 0.509259 0.798438 0.512963 0.791146 0.522222 0.788542 0.535185 0.791667 0.544444 0.798438 0.550926 0.814063 0.547222 0.820833 0.541667 0.823438 0.528704 0.820833 0.521296 0.818229 0.514815
31 0.234375 0.511111 0.229687 0.523148 0.229687 0.545370 0.238021 0.562037 0.248958 0.562963 0.256771 0.556481 0.270833 0.559259 0.281250 0.576852 0.285938 0.588889 0.297396 0.586111 0.305729 0.586111 0.316146 0.570370 0.327083 0.579630 0.338542 0.574074 0.342187 0.581481 0.352083 0.584259 0.359375 0.573148 0.359896 0.559259 0.358333 0.539815 0.371875 0.539815 0.373437 0.524074 0.345833 0.514815 0.352083 0.495370 0.367708 0.477778 0.376042 0.455556 0.362500 0.448148 0.352604 0.478704 0.343229 0.491667 0.326562 0.508333 0.329688 0.518519 0.302604 0.522222 0.288542 0.522222 0.282292 0.511111 0.272396 0.500000 0.259896 0.497222 0.247396 0.501852 0.238021 0.507407
27 0.056771 0.266667 0.067187 0.252778 0.081250 0.248148 0.092188 0.248148 0.123438 0.284259 0.142187 0.312963 0.148958 0.326852 0.140104 0.340741 0.125000 0.350926 0.117708 0.347222 0.079687 0.303704
27 0.425000 0.201852 0.395833 0.221296 0.414583 0.245370 0.444792 0.277778 0.476042 0.311111 0.482292 0.320370 0.508333 0.294444
23 0.922396 0.774074 0.914583 0.785185 0.919792 0.800000 0.929688 0.810185 0.937500 0.825926 0.944271 0.825000 0.948958 0.819444 0.947396 0.800000 0.941146 0.782407 0.932813 0.775000
33 0.739583 0.435185 0.742188 0.391667 0.829688 0.353704 0.878125 0.389815 0.876042 0.425926 0.787500 0.484259 0.776042 0.480556
23 0.777604 0.205556 0.765625 0.208333 0.759375 0.198148 0.760938 0.181481 0.768229 0.168519 0.777604 0.168519 0.785417 0.175926 0.786458 0.194444