23 0.084375 0.612963 0.077083 0.620370 0.070833 0.633333 0.075521 0.650000 0.084375 0.661111 0.092188 0.660185 0.102083 0.650926 0.104167 0.637963 0.103646 0.625926 0.101562 0.616667 0.097396 0.612963
23 0.122396 0.770370 0.114583 0.780556 0.112500 0.800000 0.117188 0.812037 0.123438 0.822222 0.133333 0.822222 0.144792 0.814815 0.144792 0.789815 0.142708 0.773148 0.134896 0.768519
23 0.180729 0.859259 0.170833 0.872222 0.173437 0.891667 0.179688 0.900926 0.189583 0.912963 0.209375 0.912963 0.211458 0.881481 0.201042 0.863889 0.191667 0.856481
23 0.269792 0.801852 0.266146 0.817593 0.266667 0.837037 0.272396 0.846296 0.282292 0.859259 0.297396 0.856481 0.304688 0.843519 0.309375 0.812963 0.300000 0.785185 0.288021 0.785185 0.277604 0.788889
23 0.579167 0.857407 0.566146 0.875926 0.566146 0.904630 0.587500 0.920370 0.600000 0.915741 0.611458 0.905556 0.613542 0.881481 0.604688 0.861111 0.595833 0.852778 0.582812 0.854630
23 0.807813 0.617593 0.800000 0.630556 0.796354 0.657407 0.810937 0.668519 0.828646 0.664815 0.838542 0.644444 0.833854 0.624074 0.823958 0.619444
23 0.776042 0.247222 0.768750 0.256481 0.767188 0.267593 0.771354 0.274074 0.777083 0.275000 0.784896 0.269444 0.785417 0.260185 0.783333 0.250000
31 0.223438 0.628704 0.214583 0.642593 0.213021 0.656481 0.216146 0.677778 0.220833 0.688889 0.229687 0.692593 0.239583 0.683333 0.259375 0.663889 0.274479 0.655556 0.282813 0.670370 0.290104 0.690741 0.300521 0.703704 0.310937 0.706481 0.317188 0.695370 0.319271 0.681481 0.323437 0.670370 0.325000 0.661111 0.333333 0.660185 0.334375 0.650000 0.325000 0.646296 0.327083 0.632407 0.333854 0.622222 0.345313 0.608333 0.359896 0.586111 0.364063 0.570370 0.360938 0.563889 0.354167 0.570370 0.348958 0.584259 0.340625 0.600000 0.334375 0.606481 0.329688 0.612963 0.323437 0.624074 0.320833 0.634259 0.314063 0.645370 0.294271 0.645370 0.281250 0.647222 0.268750 0.630556 0.257812 0.622222 0.244792 0.619444 0.231250 0.622222
27 0.036458 0.319444 0.040104 0.365741 0.102083 0.452778 0.132812 0.426852 0.068750 0.337037
27 0.385417 0.306481 0.474479 0.418519 0.506250 0.386111 0.418750 0.284259
25 0.730729 0.637037 0.744792 0.667593 0.752083 0.666667 0.758854 0.656481 0.744271 0.626852 0.737500 0.626852
33 0.747917 0.539815 0.748958 0.492593 0.829167 0.452778 0.887500 0.478704 0.885938 0.519444 0.797396 0.586111 0.787500 0.588889