31 0.073438 0.276852 0.083333 0.295370 0.098437 0.299074 0.107292 0.291667 0.109896 0.275000 0.142708 0.289815 0.183333 0.320370 0.223438 0.338889 0.263021 0.345370 0.280729 0.325926 0.296875 0.306481 0.307292 0.266667 0.301042 0.233333 0.284375 0.196296 0.257292 0.195370 0.266146 0.231481 0.276562 0.258333 0.275000 0.286111 0.251042 0.295370 0.210417 0.287037 0.148958 0.252778 0.112500 0.233333 0.095312 0.231481 0.077604 0.237037
25 0.620313 0.450926 0.617188 0.478704 0.633854 0.500000 0.654167 0.512037 0.687500 0.550926 0.716146 0.573148 0.736979 0.548148 0.747396 0.525000 0.738021 0.483333 0.722917 0.464815 0.700521 0.463889 0.642708 0.437037 0.626042 0.437037
27 0.444792 0.227778 0.441667 0.224074 0.438542 0.224074 0.438021 0.192593 0.439063 0.174074 0.441146 0.168519 0.445833 0.169444 0.447396 0.184259 0.446354 0.209259 0.445312 0.221296
26 0.801562 0.341667 0.793750 0.333333 0.787500 0.322222 0.769792 0.288889 0.753646 0.261111 0.739583 0.230556 0.737500 0.209259 0.738542 0.190741 0.733854 0.173148 0.738021 0.152778 0.741146 0.150000 0.750000 0.166667 0.759896 0.192593 0.772917 0.217593 0.785937 0.237037 0.794792 0.237037 0.801042 0.219444 0.809375 0.224074 0.811979 0.229630 0.818750 0.206481 0.827083 0.206481 0.829688 0.213889 0.828646 0.217593 0.842708 0.237037 0.842708 0.254630 0.847396 0.263889 0.849479 0.272222 0.850000 0.278704 0.848958 0.286111 0.845833 0.291667 0.843750 0.301852 0.839063 0.316667 0.835938 0.327778 0.829688 0.336111 0.821875 0.336111 0.816146 0.337963 0.812500 0.341667 0.808333 0.339815 0.806250 0.343519
30 0.178646 0.528704 0.166146 0.532407 0.154167 0.541667 0.144792 0.549074 0.140104 0.547222 0.135937 0.529630 0.138542 0.504630 0.156250 0.473148 0.166667 0.463889 0.173437 0.464815 0.182292 0.473148 0.188542 0.484259 0.192708 0.492593 0.185938 0.500000 0.181771 0.506481 0.177604 0.518519
24 0.884375 0.250926 0.883333 0.236111 0.884896 0.227778 0.883333 0.211111 0.883333 0.184259 0.884896 0.174074 0.886458 0.162037 0.891146 0.158333 0.897396 0.162037 0.898438 0.170370 0.895833 0.174074 0.900521 0.181481 0.904167 0.186111 0.919792 0.188889 0.924479 0.193519 0.936979 0.197222 0.937500 0.208333 0.942187 0.220370 0.951042 0.225926 0.954688 0.230556 0.958333 0.236111 0.966146 0.239815 0.975000 0.247222 0.972396 0.262963 0.979167 0.283333 0.981250 0.293519 0.981250 0.305556 0.975000 0.300000 0.968750 0.292593 0.963021 0.284259 0.957292 0.280556 0.947917 0.275926 0.939063 0.270370 0.933333 0.268519 0.928125 0.262963 0.921354 0.262037 0.915104 0.259259 0.910417 0.258333 0.904687 0.252778 0.899479 0.248148 0.888021 0.249074
33 0.284896 0.085185 0.304688 0.097222 0.315104 0.105556 0.326042 0.112037 0.335938 0.116667 0.335938 0.121296 0.416667 0.072222 0.433333 0.072222 0.442708 0.068519 0.439583 0.024074 0.384896 0.003704 0.341146 0.018519 0.282292 0.056481
33 0.420312 0.192593 0.397917 0.181481 0.392188 0.158333 0.385937 0.130556 0.398958 0.111111 0.451042 0.085185 0.476562 0.100000 0.498437 0.102778 0.516667 0.104630 0.550000 0.129630 0.553125 0.140741 0.554688 0.150926 0.548438 0.155556 0.517188 0.172222 0.496354 0.177778 0.476042 0.182407 0.467187 0.176852 0.457813 0.183333 0.448437 0.189815 0.447396 0.170370 0.439063 0.170370 0.437500 0.189815 0.425521 0.191667
33 0.542188 0.284259 0.557292 0.265741 0.577083 0.241667 0.593229 0.223148 0.591146 0.212037 0.594271 0.195370 0.590625 0.194444 0.583333 0.187037 0.570833 0.187037 0.523438 0.185185 0.503646 0.186111 0.490625 0.188889 0.477604 0.212037 0.473958 0.228704 0.489583 0.244444 0.509896 0.271296 0.519792 0.284259 0.533333 0.282407
31 0.974479 0.141667 0.941146 0.127778 0.926562 0.121296 0.916146 0.117593 0.900521 0.114815 0.883854 0.111111 0.868750 0.110185 0.856250 0.095370 0.857292 0.066667 0.860417 0.047222 0.866146 0.035185 0.873437 0.027778 0.882292 0.028704 0.893229 0.026852 0.903125 0.030556 0.918229 0.039815 0.926042 0.046296 0.930729 0.048148 0.939583 0.060185 0.947917 0.073148 0.952604 0.081481 0.958333 0.088889 0.967187 0.097222 0.975000 0.103704 0.977604 0.107407 0.977604 0.144444
42 0.228646 0.073148 0.246875 0.055556 0.270313 0.047222 0.284375 0.028704 0.281250 0.017593 0.261458 0.024074 0.238021 0.040741 0.210938 0.060185 0.194792 0.070370 0.196354 0.087963 0.217708 0.075926
42 0.456771 0.045370 0.473438 0.033333 0.500000 0.030556 0.515104 0.031481 0.520833 0.012963 0.506250 0.011111 0.482292 0.014815 0.454167 0.022222 0.441146 0.030556 0.443750 0.045370 0.452604 0.049074