25 0.557292 0.754630 0.545312 0.733333 0.533854 0.719444 0.519271 0.702778 0.501042 0.683333 0.487500 0.669444 0.477604 0.663889 0.469271 0.648148 0.469792 0.631481 0.476042 0.612963 0.482812 0.601852 0.492188 0.599074 0.510938 0.613889 0.530729 0.632407 0.556771 0.649074 0.573438 0.657407 0.585938 0.668519 0.593750 0.695370 0.596875 0.711111 0.583333 0.719444 0.569792 0.745370
24 0.767188 0.359259 0.764062 0.350000 0.765104 0.337037 0.766146 0.322222 0.764062 0.297222 0.766667 0.281481 0.765625 0.272222 0.766667 0.263889 0.772396 0.261111 0.777083 0.262037 0.780729 0.272222 0.783333 0.282407 0.797396 0.284259 0.802083 0.290741 0.816146 0.293519 0.826562 0.305556 0.828646 0.317593 0.833333 0.325926 0.839063 0.330556 0.854167 0.342593 0.859896 0.350926 0.859896 0.367593 0.859896 0.375000 0.865625 0.384259 0.868229 0.394444 0.868750 0.410185 0.867188 0.415741 0.862500 0.414815 0.856250 0.408333 0.851042 0.398148 0.846354 0.387963 0.840104 0.383333 0.829167 0.377778 0.823958 0.375000 0.818750 0.375000 0.814063 0.367593 0.806250 0.368519 0.798438 0.363889 0.794792 0.366667 0.790625 0.362963 0.781771 0.353704 0.770312 0.357407
26 0.672396 0.458333 0.660937 0.443519 0.644792 0.397222 0.627083 0.352778 0.617188 0.319444 0.618229 0.302778 0.619271 0.276852 0.619792 0.261111 0.614583 0.230556 0.614583 0.223148 0.621354 0.225926 0.629687 0.239815 0.634375 0.257407 0.641667 0.271296 0.650521 0.289815 0.663542 0.317593 0.666667 0.329630 0.673958 0.328704 0.685937 0.322222 0.692708 0.325926 0.700521 0.311111 0.710938 0.328704 0.723958 0.348148 0.720833 0.362963 0.728125 0.379630 0.728125 0.389815 0.722396 0.402778 0.719271 0.424074 0.713542 0.436111 0.713021 0.450000 0.708333 0.460185 0.698438 0.452778 0.687500 0.456481 0.681250 0.459259
31 0.009375 0.420370 0.008854 0.386111 0.015104 0.389815 0.034896 0.411111 0.061979 0.434259 0.092188 0.448148 0.118229 0.455556 0.140625 0.441667 0.154688 0.418519 0.160938 0.393519 0.156250 0.363889 0.147396 0.344444 0.148438 0.324074 0.164062 0.324074 0.177604 0.355556 0.181771 0.392593 0.174479 0.441667 0.157292 0.470370 0.126042 0.500000 0.087500 0.490741 0.050000 0.463889 0.023958 0.437037
27 0.320833 0.337037 0.316146 0.329630 0.314583 0.314815 0.314583 0.292593 0.315625 0.275000 0.320833 0.275000 0.322396 0.287963 0.324479 0.308333 0.324479 0.319444 0.324479 0.329630
33 0.200521 0.189815 0.205729 0.190741 0.213542 0.192593 0.215104 0.197222 0.219792 0.198148 0.230208 0.193519 0.238021 0.187963 0.250000 0.179630 0.261979 0.168519 0.284375 0.148148 0.306771 0.130556 0.313021 0.124074 0.319792 0.125000 0.331771 0.122222 0.333333 0.110185 0.335938 0.103704 0.338021 0.080556 0.323958 0.068519 0.305208 0.062037 0.289583 0.056481 0.276042 0.054630 0.250000 0.067593 0.227083 0.084259 0.208854 0.104630 0.188021 0.134259 0.180729 0.149074 0.181250 0.169444 0.184896 0.175000 0.188542 0.179630 0.192188 0.181481 0.194792 0.186111 0.197396 0.186111
33 0.347396 0.162963 0.363542 0.175000 0.387500 0.175000 0.416146 0.193519 0.432812 0.215741 0.437500 0.228704 0.435937 0.237037 0.413021 0.250000 0.379688 0.264815 0.365625 0.270370 0.351562 0.269444 0.340625 0.274074 0.335938 0.281481 0.325000 0.280556 0.321875 0.280556 0.321354 0.275000 0.316146 0.275000 0.315104 0.283333 0.306250 0.284259 0.295312 0.283333 0.275000 0.289815 0.265625 0.281481 0.265625 0.243519 0.264583 0.223148 0.272396 0.211111 0.275000 0.192593 0.284375 0.179630 0.297396 0.173148 0.323437 0.162963 0.329688 0.168519 0.336979 0.167593
33 0.373437 0.285185 0.394792 0.283333 0.422396 0.284259 0.440625 0.284259 0.453125 0.278704 0.459896 0.281481 0.466667 0.287037 0.470833 0.290741 0.470833 0.301852 0.468750 0.313889 0.464583 0.324074 0.456771 0.340741 0.445833 0.355556 0.436979 0.363889 0.429688 0.377778 0.416146 0.408333 0.404167 0.406481 0.393750 0.406481 0.392188 0.404630 0.386979 0.401852 0.382292 0.396296 0.378646 0.388889 0.376563 0.377778 0.377083 0.365741 0.378646 0.342593 0.371875 0.337963 0.362500 0.330556 0.360417 0.324074 0.359896 0.321296 0.359896 0.301852 0.360938 0.298148 0.366146 0.287037
31 0.896354 0.163889 0.876042 0.156481 0.850000 0.150000 0.838542 0.146296 0.828646 0.136111 0.816667 0.136111 0.815625 0.129630 0.831250 0.109259 0.841146 0.103704 0.842187 0.096296 0.835938 0.087037 0.829167 0.079630 0.826042 0.075000 0.809375 0.065741 0.794792 0.063889 0.788542 0.070370 0.782292 0.081481 0.780729 0.092593 0.782292 0.102778 0.786979 0.114815 0.787500 0.123148 0.775000 0.125926 0.767188 0.113889 0.767188 0.094444 0.769792 0.080556 0.772396 0.067593 0.777083 0.055556 0.783333 0.047222 0.794271 0.043519 0.802604 0.042593 0.818750 0.049074 0.827604 0.053704 0.838021 0.062037 0.847396 0.069444 0.850000 0.076852 0.854688 0.084259 0.856771 0.092593 0.858333 0.101852 0.858333 0.109259 0.857292 0.115741 0.861458 0.120370 0.872396 0.128704 0.876042 0.130556 0.883854 0.134259 0.892708 0.140741 0.897917 0.149074
42 0.103646 0.155556 0.125000 0.130556 0.151562 0.105556 0.177083 0.092593 0.187500 0.069444 0.180729 0.062963 0.159896 0.079630 0.128646 0.105556 0.107292 0.127778 0.087500 0.143519 0.078646 0.163889 0.100000 0.157407
42 0.351562 0.090741 0.370312 0.072222 0.400000 0.063889 0.417187 0.063889 0.423438 0.041667 0.404167 0.045370 0.367188 0.057407 0.343750 0.068519 0.333333 0.069444 0.339583 0.086111 0.345313 0.092593
30 0.043229 0.642593 0.023438 0.680556 0.009896 0.715741 0.010937 0.753704 0.025000 0.755556 0.043229 0.733333 0.055729 0.690741 0.060937 0.667593