42 0.584375 0.725000 0.563021 0.739815 0.543750 0.738889 0.519271 0.739815 0.504687 0.737037 0.487500 0.722222 0.467187 0.722222 0.444792 0.720370 0.433854 0.714815 0.425521 0.695370 0.420312 0.679630 0.421354 0.661111 0.435937 0.661111 0.464583 0.661111 0.502083 0.660185 0.538542 0.659259 0.579688 0.656481 0.597917 0.676852 0.597917 0.697222
23 0.753646 0.986111 0.741146 0.997222 0.721875 0.995370 0.716667 0.956481 0.728646 0.933333 0.764583 0.891667 0.789583 0.868519 0.801562 0.848148 0.820833 0.825926 0.839583 0.818519 0.854688 0.801852 0.870833 0.823148 0.868750 0.850000 0.856771 0.875000 0.831250 0.884259 0.818750 0.901852 0.807292 0.928704 0.791667 0.944444 0.772396 0.957407 0.759375 0.960185 0.757292 0.973148
23 0.958333 0.541667 0.959896 0.519444 0.953646 0.507407 0.945833 0.501852 0.936458 0.497222 0.929688 0.504630 0.927083 0.520370 0.926042 0.535185 0.927083 0.548148 0.937500 0.554630 0.944792 0.559259 0.952083 0.555556
30 0.867188 0.584259 0.860938 0.570370 0.857812 0.559259 0.851562 0.552778 0.845833 0.546296 0.835938 0.539815 0.829688 0.535185 0.822396 0.530556 0.818229 0.530556 0.813542 0.542593 0.811458 0.553704 0.811458 0.563889 0.815625 0.566667 0.818750 0.570370 0.822396 0.582407 0.827083 0.589815 0.831250 0.600000 0.836979 0.605556 0.845833 0.611111 0.850000 0.612963 0.852604 0.606481 0.860417 0.600000 0.862500 0.592593
23 0.818750 0.528704 0.814063 0.528704 0.809375 0.524074 0.805208 0.516667 0.803646 0.511111 0.802083 0.500000 0.801562 0.485185 0.799479 0.466667 0.797917 0.457407 0.793229 0.440741 0.789583 0.428704 0.787500 0.414815 0.784896 0.401852 0.784896 0.395370 0.790104 0.386111 0.794792 0.386111 0.803125 0.390741 0.809896 0.400000 0.814583 0.412963 0.820833 0.421296 0.824479 0.430556 0.826042 0.438889 0.826042 0.452778 0.825000 0.461111 0.825521 0.471296 0.827083 0.481481 0.828125 0.488889 0.828125 0.491667 0.828646 0.503704 0.828646 0.515741 0.826562 0.524074 0.823438 0.529630
30 0.342187 0.638889 0.334896 0.637963 0.330208 0.641667 0.324479 0.643519 0.321354 0.637037 0.319271 0.625926 0.316146 0.612963 0.312500 0.600926 0.307812 0.584259 0.305729 0.569444 0.309896 0.558333 0.319271 0.548148 0.329688 0.543519 0.337500 0.541667 0.350000 0.547222 0.352604 0.549074 0.359375 0.552778 0.365104 0.559259 0.368750 0.566667 0.370833 0.576852 0.370833 0.591667 0.368750 0.601852 0.366667 0.608333 0.365104 0.617593 0.364063 0.624074 0.363021 0.627778 0.360938 0.631481 0.358333 0.635185 0.352604 0.637037 0.348438 0.639815
23 0.652083 0.269444 0.644792 0.266667 0.639583 0.262037 0.632292 0.267593 0.628125 0.270370 0.626042 0.260185 0.624479 0.249074 0.623437 0.233333 0.625000 0.220370 0.632292 0.211111 0.640104 0.206481 0.646875 0.213889 0.651042 0.223148 0.656250 0.228704 0.660937 0.237963 0.659896 0.255556 0.656250 0.262963
23 0.588021 0.225000 0.578646 0.225926 0.573958 0.218519 0.572396 0.208333 0.571354 0.200000 0.569271 0.190741 0.565104 0.177778 0.565625 0.161111 0.569792 0.149074 0.576042 0.144444 0.585938 0.138889 0.594792 0.133333 0.603646 0.133333 0.613021 0.135185 0.616146 0.141667 0.618750 0.150926 0.612500 0.157407 0.606250 0.157407 0.600521 0.162037 0.590104 0.165741 0.594792 0.174074 0.596875 0.179630 0.595313 0.189815 0.593750 0.197222 0.594271 0.206481 0.594792 0.213889 0.593750 0.218519
23 0.598437 0.273148 0.603125 0.263889 0.596354 0.253704 0.570833 0.253704 0.554688 0.257407 0.545833 0.262037 0.536979 0.262037 0.511458 0.268519 0.506771 0.268519 0.503646 0.269444 0.494792 0.273148 0.491146 0.274074 0.495312 0.288889 0.508333 0.292593 0.538542 0.290741 0.547396 0.288889 0.552604 0.285185 0.561979 0.279630 0.577083 0.279630 0.593750 0.279630
42 0.251042 0.573148 0.222917 0.579630 0.211458 0.584259 0.200000 0.592593 0.187500 0.597222 0.181250 0.590741 0.186458 0.571296 0.196354 0.566667 0.209896 0.561111 0.221354 0.554630 0.233854 0.550926 0.248958 0.546296 0.261979 0.541667 0.269792 0.560185 0.264062 0.572222
23 0.747396 0.339815 0.741146 0.345370 0.731250 0.351852 0.725000 0.337037 0.726042 0.318519 0.732292 0.306481 0.732812 0.294444 0.728646 0.275000 0.725000 0.260185 0.729167 0.250000 0.734896 0.244444 0.742188 0.245370 0.746875 0.257407 0.751563 0.276852 0.755208 0.297222 0.755208 0.310185 0.753125 0.323148
23 0.818750 0.380556 0.811458 0.373148 0.808333 0.366667 0.808333 0.354630 0.809896 0.345370 0.817187 0.343519 0.822396 0.343519 0.828646 0.343519 0.835938 0.346296 0.839063 0.357407 0.840104 0.366667 0.837500 0.375000 0.832292 0.382407 0.825000 0.383333
23 0.327604 0.188889 0.314583 0.190741 0.308854 0.180556 0.307812 0.170370 0.308333 0.160185 0.313021 0.150926 0.322396 0.144444 0.332292 0.148148 0.334896 0.157407 0.335938 0.167593 0.332292 0.179630
23 0.412500 0.099074 0.402083 0.094444 0.397396 0.085185 0.393229 0.081481 0.387500 0.077778 0.378646 0.075000 0.372917 0.072222 0.367188 0.063889 0.368750 0.055556 0.376042 0.054630 0.382292 0.054630 0.391146 0.056481 0.397396 0.057407 0.403125 0.058333 0.410417 0.066667 0.417187 0.075000 0.419792 0.084259
23 0.518750 0.132407 0.506250 0.130556 0.503646 0.145370 0.508333 0.169444 0.522917 0.157407 0.534896 0.152778 0.534375 0.132407
30 0.508333 0.138889 0.509896 0.144444 0.521354 0.150000 0.528646 0.145370 0.532292 0.131481 0.524479 0.124074 0.515104 0.125926 0.507292 0.127778
30 0.822396 0.328704 0.819792 0.333333 0.818750 0.339815 0.822396 0.346296 0.829688 0.348148 0.833854 0.342593 0.830729 0.333333 0.826042 0.328704
30 0.651042 0.201852 0.646875 0.207407 0.645833 0.215741 0.650000 0.230556 0.658333 0.237037 0.669271 0.241667 0.678646 0.239815 0.675000 0.223148 0.667708 0.211111 0.659375 0.202778
30 0.635938 0.212963 0.628646 0.217593 0.622396 0.212963 0.626563 0.203704 0.634896 0.199074 0.642188 0.197222 0.645833 0.201852 0.645312 0.206481
23 0.970833 0.102778 0.954688 0.090741 0.934375 0.086111 0.927083 0.101852 0.933333 0.127778 0.959896 0.145370 0.985938 0.150000 0.994792 0.150000 0.996354 0.134259 0.992188 0.112963
31 0.695833 0.308333 0.690625 0.309259 0.686458 0.307407 0.686979 0.294444 0.691667 0.284259 0.700000 0.276852 0.711458 0.281481 0.718750 0.288889 0.716146 0.306481 0.707812 0.306481
30 0.672396 0.057407 0.670833 0.050926 0.677083 0.041667 0.685417 0.037963 0.693750 0.042593 0.701042 0.050926 0.701042 0.062037 0.694792 0.062963 0.702083 0.069444 0.699479 0.077778 0.687500 0.078704 0.675000 0.075926 0.668750 0.069444 0.669792 0.063889