31 0.640625 0.592593 0.635417 0.588889 0.628646 0.583333 0.623958 0.575000 0.622917 0.560185 0.622396 0.532407 0.621875 0.514815 0.622917 0.496296 0.623437 0.475926 0.623437 0.466667 0.623437 0.446296 0.621354 0.427778 0.614062 0.418519 0.596875 0.406481 0.573438 0.400000 0.567187 0.391667 0.557292 0.381481 0.548438 0.376852 0.535417 0.375926 0.530729 0.363889 0.534896 0.352778 0.541667 0.349074 0.544792 0.343519 0.548438 0.339815 0.552083 0.337963 0.557292 0.340741 0.560937 0.346296 0.559896 0.353704 0.562500 0.360185 0.565625 0.365741 0.568750 0.368519 0.570833 0.372222 0.575000 0.375000 0.578646 0.377778 0.586458 0.384259 0.591667 0.384259 0.604688 0.389815 0.613021 0.392593 0.619792 0.401852 0.628646 0.414815 0.632812 0.425926 0.634896 0.446296 0.635938 0.459259 0.636458 0.477778 0.635938 0.495370 0.634896 0.512037 0.634896 0.524074 0.635417 0.533333 0.636979 0.541667 0.644792 0.548148 0.650521 0.558333 0.655208 0.577778 0.648438 0.584259
23 0.556771 0.338889 0.553646 0.337037 0.550000 0.335185 0.547396 0.333333 0.545833 0.328704 0.545312 0.323148 0.545833 0.317593 0.547917 0.307407 0.550000 0.302778 0.554688 0.300926 0.558854 0.300926 0.566146 0.301852 0.572396 0.306481 0.577604 0.317593 0.578646 0.333333 0.572917 0.343519 0.563542 0.344444
34 0.455729 0.500000 0.458333 0.517593 0.462500 0.533333 0.466146 0.539815 0.469271 0.543519 0.476042 0.541667 0.482812 0.537963 0.490104 0.540741 0.494271 0.540741 0.493750 0.522222 0.497917 0.512963 0.513021 0.515741 0.518750 0.519444 0.527083 0.531481 0.537500 0.538889 0.545312 0.533333 0.550000 0.518519 0.551562 0.498148 0.529687 0.501852 0.520833 0.501852 0.512500 0.499074 0.511979 0.491667 0.506250 0.488889 0.500521 0.487037 0.496875 0.474074 0.489583 0.463889 0.481250 0.461111 0.478125 0.463889 0.474479 0.470370 0.469792 0.476852 0.463021 0.482407 0.456771 0.495370
44 0.544792 0.464815 0.543229 0.467593 0.545312 0.473148 0.545833 0.480556 0.547396 0.487037 0.563021 0.484259 0.564063 0.481481 0.570833 0.478704 0.576042 0.472222 0.577083 0.462963 0.571875 0.457407 0.562500 0.456481 0.557292 0.457407 0.552083 0.458333
25 0.453646 0.419444 0.457292 0.437963 0.462500 0.440741 0.467187 0.439815 0.473958 0.434259 0.478646 0.433333 0.486979 0.438889 0.491146 0.437037 0.499479 0.434259 0.497396 0.415741 0.482812 0.415741 0.468229 0.416667 0.460938 0.414815 0.454688 0.412963
23 0.044271 0.263889 0.041146 0.272222 0.041146 0.277778 0.043750 0.280556 0.048438 0.279630 0.054688 0.275000 0.064062 0.268519 0.076042 0.252778 0.083333 0.247222 0.093750 0.243519 0.102604 0.243519 0.110937 0.239815 0.117188 0.230556 0.129688 0.222222 0.133854 0.217593 0.131771 0.213889 0.126042 0.212963 0.117708 0.214815 0.108333 0.217593 0.094792 0.222222 0.084896 0.222222 0.069792 0.228704 0.062500 0.236111 0.056250 0.244444 0.051042 0.253704
23 0.142187 0.287963 0.141146 0.293519 0.142187 0.296296 0.145833 0.297222 0.152083 0.295370 0.160417 0.292593 0.167187 0.284259 0.173958 0.277778 0.178125 0.271296 0.184896 0.263889 0.193750 0.255556 0.197396 0.250000 0.203125 0.246296 0.207292 0.245370 0.213542 0.246296 0.223438 0.243519 0.229687 0.238889 0.233333 0.232407 0.232292 0.225926 0.228646 0.219444 0.221875 0.218519 0.215104 0.223148 0.207813 0.223148 0.204687 0.222222 0.195833 0.225926 0.189062 0.230556 0.182812 0.237037 0.177083 0.242593 0.170833 0.250926 0.163542 0.262037 0.158333 0.268519 0.151042 0.275926 0.146354 0.281481
23 0.176042 0.500000 0.174479 0.506481 0.176042 0.512963 0.178125 0.519444 0.182292 0.521296 0.189062 0.518519 0.195833 0.513889 0.203646 0.506481 0.214583 0.492593 0.223438 0.481481 0.231771 0.467593 0.242188 0.453704 0.250000 0.444444 0.262500 0.437037 0.276562 0.430556 0.282292 0.422222 0.283333 0.412963 0.279167 0.406481 0.272396 0.405556 0.265104 0.405556 0.253646 0.409259 0.244271 0.412037 0.232813 0.417593 0.222396 0.430556 0.213542 0.448148 0.205208 0.459259 0.195833 0.466667 0.187500 0.478704 0.179167 0.492593
23 0.000000 0.833333 0.000000 0.787037 0.017188 0.790741 0.013542 0.807407 0.013021 0.817593 0.017708 0.821296 0.023438 0.822222 0.028646 0.817593 0.032813 0.808333 0.033854 0.800000 0.034896 0.795370 0.041667 0.792593 0.056250 0.789815 0.067708 0.793519 0.082812 0.796296 0.088542 0.803704 0.091146 0.816667 0.086979 0.830556 0.077083 0.839815 0.063542 0.844444 0.052083 0.847222 0.041146 0.850926 0.028125 0.847222 0.017188 0.846296 0.008333 0.842593
23 0.006250 0.667593 0.014583 0.657407 0.019792 0.647222 0.025521 0.639815 0.033333 0.633333 0.039062 0.626852 0.047396 0.623148 0.053125 0.617593 0.057813 0.609259 0.057292 0.597222 0.051562 0.593519 0.041146 0.597222 0.021354 0.600000 0.014063 0.601852 0.007812 0.610185 0.003125 0.620370 0.000000 0.623148 0.000000 0.670370
28 0.815104 0.996296 0.797396 0.999074 0.776563 0.950926 0.764062 0.903704 0.757812 0.886111 0.754167 0.868519 0.757292 0.852778 0.772917 0.882407 0.789062 0.929630 0.802083 0.960185 0.807813 0.973148
42 0.479687 0.995370 0.492188 0.974074 0.501042 0.957407 0.504687 0.930556 0.511458 0.901852 0.515104 0.873148 0.519792 0.850926 0.522396 0.857407 0.523438 0.869444 0.517188 0.903704 0.513542 0.924074 0.508854 0.947222 0.507292 0.963889 0.503125 0.981481 0.496354 0.993519
43 0.476042 0.995370 0.484375 0.957407 0.486979 0.911111 0.485938 0.890741 0.480208 0.877778 0.473438 0.871296 0.465625 0.873148 0.459375 0.875000 0.455208 0.892593 0.451562 0.936111 0.448437 0.962963 0.448437 0.997222