23 0.807292 0.795370 0.806771 0.779630 0.802083 0.768519 0.789062 0.750926 0.777083 0.741667 0.766667 0.731481 0.751042 0.706481 0.748958 0.692593 0.747917 0.681481 0.749479 0.663889 0.756250 0.655556 0.763542 0.648148 0.771354 0.634259 0.771875 0.617593 0.764583 0.612037 0.757292 0.612037 0.748958 0.619444 0.735938 0.626852 0.721875 0.652778 0.717187 0.682407 0.716146 0.720370 0.728646 0.744444 0.741667 0.765741 0.751042 0.779630 0.762500 0.787963 0.770833 0.795370 0.784896 0.802778 0.791146 0.805556 0.801042 0.804630
33 0.776563 0.740741 0.765625 0.725926 0.751042 0.706481 0.746875 0.681481 0.748437 0.662037 0.754687 0.652778 0.763542 0.644444 0.773958 0.636111 0.782813 0.637037 0.790104 0.640741 0.809896 0.647222 0.816667 0.669444 0.818229 0.686111 0.815625 0.696296 0.809896 0.704630 0.806250 0.719444 0.803125 0.739815 0.798438 0.756481 0.790104 0.753704
31 0.101042 0.355556 0.098437 0.363889 0.101042 0.374074 0.105208 0.377778 0.114583 0.373148 0.119792 0.369444 0.125521 0.374074 0.132812 0.375926 0.137500 0.375000 0.149479 0.375000 0.157292 0.377778 0.168229 0.377778 0.172917 0.386111 0.178125 0.401852 0.179688 0.421296 0.179688 0.444444 0.179688 0.462963 0.181771 0.484259 0.182292 0.498148 0.184896 0.514815 0.188542 0.519444 0.195833 0.517593 0.202083 0.503704 0.203646 0.495370 0.198958 0.484259 0.193750 0.476852 0.191146 0.455556 0.189583 0.428704 0.188542 0.405556 0.186979 0.384259 0.182292 0.371296 0.169792 0.362037 0.153646 0.354630 0.142708 0.354630 0.129688 0.355556 0.121354 0.351852 0.119792 0.341667 0.117188 0.333333 0.110417 0.337037 0.107813 0.344444 0.104688 0.349074
23 0.118750 0.336111 0.114062 0.330556 0.108854 0.331481 0.106250 0.317593 0.107292 0.311111 0.111458 0.304630 0.117708 0.300000 0.122396 0.296296 0.130729 0.298148 0.134896 0.302778 0.137500 0.312963 0.136979 0.324074 0.133333 0.330556 0.128646 0.336111 0.125000 0.336111
28 0.363542 0.806481 0.366146 0.817593 0.353125 0.824074 0.342187 0.801852 0.331250 0.781481 0.316667 0.749074 0.308333 0.731481 0.301563 0.715741 0.304688 0.703704 0.310937 0.703704 0.325521 0.727778 0.334375 0.744444 0.342187 0.762963 0.351042 0.780556 0.355729 0.788889 0.358854 0.795370
31 0.397396 0.997222 0.401562 0.975926 0.402083 0.961111 0.398438 0.944444 0.393229 0.938889 0.388021 0.933333 0.384896 0.928704 0.388542 0.919444 0.392188 0.910185 0.392188 0.886111 0.381771 0.869444 0.371875 0.865741 0.363542 0.866667 0.359375 0.875000 0.361458 0.895370 0.361979 0.903704 0.357812 0.911111 0.356250 0.918519 0.356250 0.924074 0.361979 0.944444 0.363542 0.963889 0.361979 0.976852 0.358333 0.986111 0.351042 0.995370 0.351042 0.999074
29 0.158854 0.833333 0.176042 0.860185 0.179688 0.887037 0.179167 0.907407 0.194792 0.910185 0.223438 0.918519 0.233333 0.914815 0.242188 0.895370 0.253646 0.877778 0.256250 0.855556 0.253646 0.847222 0.230208 0.838889 0.217188 0.836111 0.200000 0.832407 0.182812 0.830556 0.172396 0.830556
25 0.111979 0.963889 0.114583 0.937963 0.116146 0.913889 0.116146 0.896296 0.110417 0.885185 0.103125 0.880556 0.094271 0.887963 0.089583 0.899074 0.088542 0.916667 0.087500 0.929630 0.084375 0.952778 0.084896 0.966667 0.085938 0.977778 0.091146 0.970370 0.093750 0.959259 0.099479 0.962963 0.104167 0.967593
42 0.069271 0.984259 0.087500 0.909259 0.095833 0.870370 0.102083 0.824074 0.103125 0.786111 0.097396 0.792593 0.094271 0.825926 0.089583 0.859259 0.083333 0.888889 0.077083 0.917593 0.068229 0.943519 0.058333 0.973148 0.054167 0.989815 0.051562 0.998148 0.064583 0.997222
43 0.068750 0.922222 0.070833 0.884259 0.072917 0.872222 0.072917 0.860185 0.073958 0.839815 0.067187 0.816667 0.059896 0.814815 0.052083 0.819444 0.046875 0.825000 0.048958 0.856481 0.050000 0.897222 0.049479 0.928704 0.050000 0.950000 0.050000 0.968519 0.052083 0.972222 0.060417 0.962037 0.064583 0.945370
23 0.659896 0.155556 0.655208 0.162037 0.653646 0.168519 0.652604 0.177778 0.652604 0.186111 0.656250 0.192593 0.662500 0.198148 0.670312 0.198148 0.676042 0.197222 0.679688 0.187037 0.681250 0.170370 0.681250 0.166667 0.679167 0.157407 0.675000 0.155556 0.671875 0.162963 0.668229 0.166667 0.664583 0.168519 0.661979 0.166667 0.659896 0.162037
27 0.589583 0.215741 0.596875 0.214815 0.600000 0.215741 0.605729 0.220370 0.614583 0.225000 0.619792 0.230556 0.622917 0.233333 0.627083 0.236111 0.630208 0.239815 0.629687 0.243519 0.624479 0.248148 0.619792 0.250926 0.616146 0.252778 0.613542 0.257407 0.610938 0.262963 0.606771 0.264815 0.601042 0.261111 0.596354 0.260185 0.592187 0.259259 0.588021 0.255556 0.584896 0.252778 0.583333 0.248148 0.581250 0.240741 0.581250 0.233333 0.582292 0.225000 0.584896 0.219444
27 0.566146 0.173148 0.567187 0.179630 0.561979 0.186111 0.558333 0.195370 0.555729 0.202778 0.551042 0.210185 0.544792 0.214815 0.533333 0.221296 0.526042 0.225000 0.516146 0.219444 0.508333 0.214815 0.498958 0.212963 0.489583 0.214815 0.484896 0.212963 0.481250 0.210185 0.479167 0.208333 0.467708 0.203704 0.477083 0.197222 0.491146 0.187963 0.498958 0.182407 0.514062 0.177778 0.532813 0.175000 0.544792 0.172222 0.556250 0.172222
43 0.659896 0.050926 0.667188 0.064815 0.676562 0.069444 0.684896 0.071296 0.692187 0.073148 0.702083 0.069444 0.713542 0.062963 0.735938 0.044444 0.745313 0.035185 0.743750 0.028704 0.719792 0.008333 0.709896 0.012963 0.659896 0.044444
24 0.654687 0.420370 0.651042 0.423148 0.648438 0.438889 0.651042 0.446296 0.664583 0.440741 0.672396 0.433333 0.673438 0.422222 0.665104 0.413889 0.654687 0.413889
24 0.622396 0.367593 0.614583 0.372222 0.606250 0.360185 0.611979 0.345370 0.620313 0.341667 0.622917 0.325000 0.629687 0.327778 0.635417 0.344444 0.632292 0.357407 0.626042 0.363889
34 0.033333 0.506481 0.035937 0.522222 0.040104 0.538889 0.044271 0.545370 0.047396 0.549074 0.053646 0.547222 0.060417 0.544444 0.068229 0.546296 0.072396 0.546296 0.071354 0.528704 0.076042 0.519444 0.091146 0.522222 0.095833 0.525000 0.105208 0.537037 0.115104 0.544444 0.123438 0.537963 0.127604 0.524074 0.129688 0.503704 0.107292 0.506481 0.098958 0.508333 0.090625 0.504630 0.089583 0.497222 0.083854 0.495370 0.078646 0.492593 0.074479 0.479630 0.067187 0.468519 0.059375 0.466667 0.056250 0.468519 0.052083 0.476852 0.047396 0.482407 0.040625 0.488889 0.034896 0.500926
44 0.104688 0.435185 0.103646 0.437037 0.105729 0.443519 0.106250 0.450926 0.107292 0.457407 0.115104 0.456481 0.122917 0.454630 0.124479 0.451852 0.131250 0.448148 0.135937 0.441667 0.137500 0.433333 0.132292 0.427778 0.122917 0.425926 0.117188 0.426852 0.112500 0.428704
25 0.034375 0.437037 0.038021 0.455556 0.042708 0.458333 0.048438 0.457407 0.054688 0.451852 0.059375 0.450926 0.067708 0.456481 0.071875 0.454630 0.076042 0.444444 0.075000 0.424074 0.059896 0.430556 0.048958 0.434259 0.041667 0.433333 0.035417 0.430556
27 0.451562 0.817593 0.432292 0.788889 0.432812 0.777778 0.438021 0.764815 0.444271 0.766667 0.453125 0.784259 0.456250 0.797222 0.456250 0.813889
27 0.551042 0.167593 0.534896 0.157407 0.525000 0.151852 0.530729 0.139815 0.548438 0.130556 0.563021 0.128704 0.572396 0.128704 0.586979 0.133333 0.604167 0.134259 0.618229 0.137037 0.626042 0.146296 0.620833 0.154630 0.610938 0.152778 0.607292 0.152778 0.600521 0.151852 0.591146 0.155556 0.587500 0.157407 0.582292 0.159259 0.575521 0.162037 0.565625 0.170370
24 0.595313 0.408333 0.585938 0.396296 0.581250 0.390741 0.573958 0.387963 0.567708 0.381481 0.572917 0.376852 0.583854 0.363889 0.590104 0.365741 0.598958 0.372222 0.603125 0.378704 0.604167 0.390741 0.601042 0.403704
30 0.742188 0.299074 0.734896 0.290741 0.734375 0.279630 0.738021 0.269444 0.742188 0.266667 0.750000 0.264815 0.757812 0.268519 0.763021 0.276852 0.762500 0.284259 0.758333 0.293519 0.754167 0.298148 0.748437 0.300000
30 0.877083 0.488889 0.873437 0.488889 0.866146 0.480556 0.859375 0.475926 0.854688 0.477778 0.851042 0.477778 0.848437 0.475926 0.844792 0.467593 0.844792 0.455556 0.845833 0.451852 0.851042 0.448148 0.856771 0.446296 0.861979 0.447222 0.866667 0.452778 0.870313 0.464815 0.870833 0.472222 0.875521 0.477778 0.878646 0.484259
31 0.813542 0.433333 0.805208 0.433333 0.800000 0.427778 0.795312 0.412037 0.794792 0.401852 0.797396 0.386111 0.801042 0.377778 0.805729 0.373148 0.811458 0.370370 0.818750 0.370370 0.824479 0.370370 0.825521 0.377778 0.818750 0.385185 0.810937 0.386111 0.807292 0.389815 0.806250 0.398148 0.807292 0.411111 0.813542 0.423148 0.819271 0.429630
31 0.777083 0.599074 0.764062 0.582407 0.769792 0.571296 0.781250 0.575000 0.784896 0.570370 0.779687 0.555556 0.785937 0.544444 0.791146 0.555556 0.804167 0.565741 0.807813 0.583333 0.821354 0.588889 0.828125 0.599074 0.841146 0.601852 0.843750 0.618519 0.822917 0.623148 0.818750 0.625000 0.819271 0.642593 0.816667 0.649074 0.803646 0.644444 0.788021 0.639815 0.776563 0.632407 0.772917 0.622222 0.768750 0.612037 0.775521 0.608333