33 0.466146 0.600926 0.452083 0.590741 0.442188 0.585185 0.434375 0.579630 0.426563 0.571296 0.423958 0.557407 0.426042 0.544444 0.431250 0.526852 0.436979 0.515741 0.444792 0.510185 0.455208 0.504630 0.463021 0.501852 0.472396 0.499074 0.480729 0.504630 0.485417 0.514815 0.489583 0.526852 0.488542 0.537037 0.483854 0.543519 0.481771 0.554630 0.481250 0.568519 0.478646 0.583333 0.477604 0.595370 0.476562 0.600926 0.471875 0.607407 0.464583 0.600926
23 0.473438 0.608333 0.485938 0.624074 0.488542 0.632407 0.484896 0.640741 0.472396 0.646296 0.468229 0.648148 0.458333 0.642593 0.445833 0.639815 0.433333 0.641667 0.422396 0.633333 0.408854 0.616667 0.400000 0.601852 0.395833 0.592593 0.393750 0.575000 0.393750 0.559259 0.398438 0.539815 0.405208 0.513889 0.413021 0.500926 0.425000 0.488889 0.431250 0.485185 0.439063 0.486111 0.441667 0.490741 0.440625 0.502778 0.437500 0.513889 0.434896 0.522222 0.431250 0.533333 0.428125 0.539815 0.423958 0.554630 0.423958 0.563889 0.427083 0.571296 0.431250 0.575926 0.436458 0.581481 0.442708 0.586111 0.448958 0.589815 0.451042 0.590741 0.456771 0.594444 0.464062 0.600000
30 0.501042 0.911111 0.510417 0.907407 0.519271 0.895370 0.523958 0.874074 0.523438 0.857407 0.516667 0.838889 0.504687 0.832407 0.493229 0.828704 0.479167 0.834259 0.473438 0.844444 0.469792 0.856481 0.472396 0.863889 0.474479 0.867593 0.477083 0.852778 0.485938 0.841667 0.496354 0.841667 0.509896 0.852778 0.513542 0.874074 0.511458 0.888889 0.502083 0.898148 0.490625 0.903704 0.489583 0.912963 0.495833 0.914815
25 0.676042 0.977778 0.666667 0.972222 0.660937 0.963889 0.653646 0.957407 0.646875 0.955556 0.644792 0.955556 0.633333 0.960185 0.620833 0.968519 0.615625 0.976852 0.610938 0.988889 0.608333 0.997222 0.604688 0.988889 0.604167 0.977778 0.604688 0.968519 0.604688 0.961111 0.607292 0.953704 0.616667 0.949074 0.622917 0.930556 0.631250 0.913889 0.638021 0.908333 0.652604 0.912963 0.658854 0.914815 0.666146 0.921296 0.669792 0.935185 0.672917 0.948148 0.675521 0.964815 0.677083 0.973148
21 0.916146 0.144444 0.928125 0.157407 0.933333 0.150000 0.937500 0.137037 0.943750 0.136111 0.953125 0.143519 0.958333 0.150926 0.962500 0.151852 0.964583 0.157407 0.968750 0.154630 0.953646 0.111111 0.920833 0.021296 0.912500 0.000000 0.870313 0.000000 0.879687 0.033333 0.894271 0.079630 0.909896 0.130556
31 0.850000 0.263889 0.823438 0.251852 0.803646 0.234259 0.788542 0.223148 0.761458 0.222222 0.742708 0.228704 0.730208 0.239815 0.720833 0.248148 0.713542 0.261111 0.709896 0.269444 0.707812 0.275926 0.714063 0.279630 0.717187 0.280556 0.723437 0.275000 0.730729 0.262963 0.736979 0.255556 0.743229 0.250926 0.750000 0.246296 0.759896 0.244444 0.764583 0.246296 0.775000 0.258333 0.778646 0.275000 0.782813 0.290741 0.791146 0.299074 0.796875 0.301852 0.800521 0.303704 0.807292 0.310185 0.817187 0.319444 0.820312 0.322222 0.824479 0.326852 0.835938 0.315741 0.844792 0.309259 0.853125 0.303704 0.855729 0.298148 0.857812 0.289815 0.857812 0.277778
23 0.303125 0.113889 0.301042 0.119444 0.298958 0.132407 0.298438 0.139815 0.300000 0.148148 0.303646 0.152778 0.308333 0.153704 0.314583 0.150926 0.322396 0.143519 0.324479 0.133333 0.325521 0.124074 0.322917 0.112963 0.319792 0.109259 0.318750 0.108333 0.318750 0.108333 0.316146 0.119444 0.313021 0.125000 0.309375 0.127778 0.306250 0.127778 0.303646 0.122222 0.304688 0.117593
23 0.683333 0.013889 0.678646 0.019444 0.676042 0.031481 0.676042 0.038889 0.679688 0.047222 0.689063 0.050926 0.697396 0.050926 0.706250 0.047222 0.708333 0.037037 0.704688 0.019444 0.701562 0.014815 0.694792 0.011111 0.687500 0.011111
25 0.860938 0.850926 0.856250 0.867593 0.843229 0.884259 0.827083 0.890741 0.808333 0.886111 0.800000 0.879630 0.790104 0.858333 0.782292 0.843519 0.779687 0.828704 0.781250 0.808333 0.786458 0.793519 0.794792 0.773148 0.800000 0.756481 0.803646 0.748148 0.806250 0.768519 0.804167 0.793519 0.800521 0.814815 0.798438 0.833333 0.809375 0.844444 0.824479 0.848148 0.841146 0.828704 0.849479 0.795370 0.857292 0.788889 0.865104 0.825926
31 0.873437 0.859259 0.860417 0.868519 0.857812 0.857407 0.863542 0.841667 0.868229 0.822222 0.871354 0.801852 0.878646 0.777778 0.886458 0.759259 0.893229 0.757407 0.903646 0.762037 0.912500 0.763889 0.921875 0.763889 0.929688 0.774074 0.938542 0.801852 0.953125 0.812963 0.966667 0.808333 0.977083 0.801852 0.983333 0.777778 0.992188 0.763889 0.998437 0.751852 0.999479 0.784259 0.986458 0.820370 0.982292 0.840741 0.970833 0.848148 0.957292 0.847222 0.944792 0.839815 0.929167 0.834259 0.917188 0.832407 0.909896 0.839815 0.901042 0.839815 0.898958 0.837963 0.895833 0.821296 0.916667 0.795370 0.923438 0.790741 0.913542 0.784259 0.900521 0.784259 0.888542 0.788889 0.882812 0.824074 0.878125 0.840741
31 0.057292 0.991667 0.056250 0.979630 0.057813 0.956481 0.061458 0.933333 0.071354 0.924074 0.083333 0.914815 0.086458 0.897222 0.081250 0.884259 0.085417 0.855556 0.093750 0.839815 0.105729 0.839815 0.113021 0.851852 0.118750 0.862037 0.122396 0.878704 0.118750 0.885185 0.113021 0.892593 0.111458 0.900926 0.113021 0.904630 0.118229 0.903704 0.122917 0.903704 0.127083 0.904630 0.135937 0.917593 0.138542 0.934259 0.137500 0.946296 0.133854 0.960185 0.129167 0.975000 0.127083 0.983333 0.125521 0.988889 0.126042 0.997222 0.057292 0.997222
28 0.029687 0.755556 0.045312 0.773148 0.052083 0.790741 0.063021 0.803704 0.069792 0.811111 0.077083 0.820370 0.084375 0.822222 0.092188 0.817593 0.091146 0.806481 0.077083 0.787963 0.057813 0.763889 0.035937 0.737037 0.026042 0.730556 0.025000 0.739815 0.028125 0.753704
27 0.143750 0.214815 0.164062 0.200926 0.176563 0.192593 0.196875 0.179630 0.216146 0.168519 0.219792 0.168519 0.216146 0.184259 0.211979 0.200000 0.202083 0.212963 0.188542 0.223148 0.174479 0.224074 0.166667 0.221296 0.153646 0.221296 0.147396 0.221296
27 0.248958 0.190741 0.242188 0.199074 0.236979 0.213889 0.236458 0.222222 0.237500 0.226852 0.242188 0.227778 0.247396 0.229630 0.253646 0.231481 0.259896 0.233333 0.264583 0.230556 0.268750 0.224074 0.270313 0.219444 0.275000 0.215741 0.278646 0.212037 0.281771 0.206481 0.281771 0.200000 0.273438 0.196296 0.269271 0.190741 0.257812 0.189815
31 0.444792 0.506481 0.440625 0.492593 0.438542 0.485185 0.439583 0.477778 0.433854 0.465741 0.431250 0.461111 0.433333 0.452778 0.435937 0.448148 0.444792 0.442593 0.453125 0.446296 0.462500 0.456481 0.476042 0.452778 0.487500 0.453704 0.492188 0.466667 0.485417 0.479630 0.477083 0.481481 0.472396 0.488889 0.476042 0.494444 0.481250 0.497222 0.470833 0.501852 0.465104 0.500000 0.454688 0.503704 0.450521 0.505556
25 0.929167 0.687037 0.925000 0.684259 0.920833 0.679630 0.918750 0.675926 0.917188 0.662037 0.917188 0.651852 0.916146 0.641667 0.917188 0.626852 0.920833 0.619444 0.924479 0.622222 0.926042 0.629630 0.924479 0.641667 0.925000 0.652778 0.926042 0.669444 0.926562 0.676852
25 0.975000 0.635185 0.973958 0.659259 0.972396 0.681481 0.971875 0.697222 0.970313 0.712037 0.968229 0.720370 0.964063 0.720370 0.963021 0.709259 0.964063 0.701852 0.963021 0.688889 0.960417 0.670370 0.960938 0.657407 0.965625 0.644444 0.968750 0.632407 0.970833 0.624074
30 0.391146 0.211111 0.383333 0.202778 0.383333 0.190741 0.386458 0.181481 0.391146 0.178704 0.398958 0.177778 0.406771 0.180556 0.411979 0.188889 0.410938 0.196296 0.407292 0.205556 0.403125 0.211111 0.397396 0.212037
31 0.464583 0.312963 0.456250 0.313889 0.451042 0.308333 0.445833 0.292593 0.445833 0.281481 0.448437 0.266667 0.452083 0.257407 0.456250 0.252778 0.462500 0.250926 0.469792 0.250926 0.475000 0.250926 0.476042 0.258333 0.469271 0.265741 0.461979 0.266667 0.457813 0.270370 0.456771 0.278704 0.458333 0.290741 0.464062 0.303704 0.469792 0.310185
24 0.335417 0.357407 0.329167 0.365741 0.319792 0.375926 0.310417 0.381481 0.306250 0.369444 0.312500 0.354630 0.319271 0.343519 0.326042 0.341667 0.334896 0.346296 0.336458 0.349074
24 0.282292 0.324074 0.275000 0.324074 0.269792 0.318519 0.271875 0.302778 0.272917 0.287963 0.273958 0.277778 0.280208 0.277778 0.285417 0.283333 0.289583 0.288889 0.291146 0.294444 0.292187 0.303704 0.289583 0.312963 0.285938 0.317593
30 0.527604 0.348148 0.523958 0.347222 0.517188 0.339815 0.509896 0.335185 0.505208 0.337037 0.501563 0.337037 0.498958 0.335185 0.495833 0.326852 0.495833 0.314815 0.496875 0.311111 0.502083 0.308333 0.507292 0.305556 0.512500 0.306481 0.517188 0.312037 0.520833 0.324074 0.521875 0.330556 0.526042 0.337037 0.529167 0.344444
27 0.164062 0.782407 0.154167 0.774074 0.148438 0.762963 0.153125 0.736111 0.160938 0.742593 0.165104 0.748148 0.167708 0.752778 0.168750 0.763889 0.167708 0.773148 0.167708 0.780556