33 0.397917 0.643519 0.391146 0.635185 0.382292 0.628704 0.374479 0.625926 0.367188 0.622222 0.357292 0.611111 0.354687 0.599074 0.354687 0.586111 0.355729 0.578704 0.357812 0.568519 0.363021 0.562037 0.366146 0.554630 0.373437 0.545370 0.379688 0.538889 0.386458 0.537037 0.392188 0.535185 0.400000 0.534259 0.406250 0.537037 0.411979 0.545370 0.415625 0.552778 0.417708 0.563889 0.417708 0.575000 0.413542 0.584259 0.409896 0.596296 0.407292 0.610185 0.406250 0.625000 0.404167 0.637037
23 0.398438 0.644444 0.406250 0.648148 0.410938 0.653704 0.416667 0.667593 0.414062 0.675000 0.406771 0.682407 0.392708 0.684259 0.373958 0.677778 0.357292 0.679630 0.344792 0.664815 0.334896 0.650000 0.328125 0.632407 0.323958 0.616667 0.323958 0.584259 0.327083 0.564815 0.335938 0.545370 0.345313 0.532407 0.359896 0.526852 0.365625 0.522222 0.375000 0.525000 0.374479 0.535185 0.368750 0.549074 0.360938 0.563889 0.354687 0.575926 0.354167 0.594444 0.357812 0.611111 0.365104 0.622222 0.372396 0.625000 0.378125 0.628704 0.386979 0.635185 0.396354 0.641667
31 0.379688 0.537963 0.375000 0.524074 0.373437 0.516667 0.375000 0.508333 0.368750 0.497222 0.366146 0.492593 0.368229 0.484259 0.370833 0.479630 0.379688 0.475000 0.387500 0.477778 0.397396 0.487963 0.410938 0.484259 0.422396 0.485185 0.427083 0.497222 0.420312 0.511111 0.412500 0.512963 0.406771 0.520370 0.410938 0.525926 0.416146 0.528704 0.405729 0.533333 0.400000 0.532407 0.389583 0.535185 0.384896 0.537037
30 0.391667 0.900000 0.395313 0.903704 0.398438 0.895370 0.403646 0.888889 0.407292 0.884259 0.409896 0.878704 0.416667 0.879630 0.419792 0.878704 0.422396 0.879630 0.427604 0.885185 0.431250 0.888889 0.433333 0.894444 0.436458 0.903704 0.439063 0.913889 0.439063 0.919444 0.436458 0.926852 0.432812 0.933333 0.425000 0.935185 0.418750 0.936111 0.413542 0.939815 0.415625 0.946296 0.418750 0.947222 0.426042 0.945370 0.438021 0.939815 0.442188 0.933333 0.445312 0.925926 0.447396 0.915741 0.447396 0.908333 0.447917 0.896296 0.445833 0.887963 0.440625 0.878704 0.433333 0.873148 0.423958 0.865741 0.418750 0.863889 0.409375 0.866667 0.403125 0.870370 0.395833 0.884259
23 0.243229 0.148148 0.241146 0.155556 0.238542 0.164815 0.238021 0.169444 0.239583 0.181481 0.244792 0.187037 0.250000 0.188889 0.256250 0.188889 0.261979 0.183333 0.267188 0.175000 0.267188 0.163889 0.264583 0.148148 0.259896 0.143519 0.256250 0.145370 0.254688 0.150926 0.251042 0.158333 0.247917 0.160185 0.245312 0.157407 0.244792 0.151852
23 0.629167 0.034259 0.622396 0.035185 0.618229 0.041667 0.615625 0.050000 0.615104 0.055556 0.615104 0.060185 0.616667 0.064815 0.619792 0.070370 0.622917 0.074074 0.626563 0.075926 0.633333 0.078704 0.638021 0.076852 0.641667 0.075926 0.645833 0.073148 0.646875 0.065741 0.647396 0.057407 0.647396 0.051852 0.645312 0.044444 0.640625 0.038889 0.635938 0.036111
31 0.652083 0.281481 0.647396 0.295370 0.647396 0.309259 0.655208 0.311111 0.660937 0.301852 0.664583 0.297222 0.667188 0.289815 0.671354 0.285185 0.676042 0.279630 0.683333 0.274074 0.693750 0.271296 0.702083 0.270370 0.708333 0.270370 0.712500 0.275000 0.708854 0.289815 0.715625 0.300000 0.721875 0.311111 0.728646 0.323148 0.736979 0.326852 0.744792 0.320370 0.744792 0.303704 0.747396 0.297222 0.758333 0.303704 0.767188 0.315741 0.772917 0.322222 0.777083 0.325926 0.783333 0.324074 0.779687 0.305556 0.763021 0.279630 0.750000 0.273148 0.735417 0.260185 0.717187 0.252778 0.700000 0.244444 0.681771 0.248148 0.660937 0.267593
21 0.804688 0.000000 0.822396 0.060185 0.839063 0.112037 0.854688 0.159259 0.863021 0.176852 0.870833 0.181481 0.873437 0.176852 0.876042 0.164815 0.880208 0.157407 0.884375 0.156481 0.894792 0.163889 0.897396 0.170370 0.901563 0.173148 0.907292 0.176852 0.911458 0.177778 0.908333 0.163889 0.888542 0.109259 0.860938 0.035185 0.847917 0.000000
31 0.843229 0.874074 0.830208 0.857407 0.841146 0.839815 0.845833 0.828704 0.836458 0.815741 0.823438 0.817593 0.814583 0.847222 0.800000 0.899074 0.789062 0.891667 0.793750 0.855556 0.801042 0.824074 0.808854 0.801852 0.819792 0.790741 0.852604 0.801852 0.863021 0.812037 0.866146 0.825000 0.870833 0.837037 0.885938 0.840741 0.897396 0.847222 0.908333 0.833333 0.917188 0.806481 0.928646 0.790741 0.939063 0.778704 0.935937 0.738889 0.938021 0.712963 0.940104 0.662963 0.969792 0.641667 0.975521 0.644444 0.964063 0.671296 0.966146 0.706481 0.962500 0.745370 0.964583 0.792593 0.938542 0.822222 0.928125 0.848148 0.916667 0.872222 0.895833 0.882407 0.870833 0.878704 0.855729 0.869444 0.846875 0.870370
31 0.084896 0.988889 0.066667 0.932407 0.052604 0.887963 0.035937 0.881481 0.025521 0.888889 0.016146 0.888889 0.010937 0.914815 0.022917 0.943519 0.018229 0.955556 0.028125 0.990741 0.034896 0.995370 0.046875 0.994444 0.057292 0.995370 0.073958 0.998148
43 0.242188 0.044444 0.248438 0.052778 0.255729 0.057407 0.259896 0.060185 0.265104 0.060185 0.272917 0.050926 0.283854 0.053704 0.309896 0.026852 0.323437 0.004630 0.289062 0.001852 0.272917 0.013889 0.262500 0.026852 0.253125 0.034259
27 0.085938 0.248148 0.106250 0.234259 0.118750 0.226852 0.138542 0.212963 0.157292 0.201852 0.161458 0.202778 0.157812 0.217593 0.153646 0.233333 0.144271 0.247222 0.129688 0.257407 0.116146 0.257407 0.108333 0.255556 0.094792 0.255556 0.088542 0.254630
27 0.188542 0.228704 0.181250 0.237037 0.176042 0.251852 0.176042 0.260185 0.177083 0.264815 0.181250 0.266667 0.186458 0.268519 0.192708 0.270370 0.198958 0.271296 0.203646 0.268519 0.207292 0.262037 0.209375 0.257407 0.213542 0.253704 0.218229 0.250000 0.220833 0.244444 0.220833 0.237963 0.213021 0.234259 0.208333 0.228704 0.196875 0.228704
25 0.910417 0.670370 0.908854 0.695370 0.907292 0.717593 0.906771 0.732407 0.905208 0.748148 0.903125 0.755556 0.898958 0.755556 0.897917 0.745370 0.898958 0.737037 0.897917 0.724074 0.895312 0.705556 0.895833 0.693519 0.901042 0.679630 0.903646 0.667593 0.906250 0.659259
25 0.863021 0.719444 0.858854 0.715741 0.854688 0.712037 0.852604 0.707407 0.851042 0.694444 0.851042 0.684259 0.850000 0.673148 0.851562 0.659259 0.854688 0.651852 0.858333 0.652778 0.859896 0.661111 0.858333 0.674074 0.858854 0.684259 0.859896 0.701852 0.860417 0.708333
25 0.788542 0.886111 0.783854 0.901852 0.770833 0.919444 0.754687 0.925926 0.736458 0.920370 0.727083 0.914815 0.718229 0.892593 0.709896 0.877778 0.707812 0.863889 0.708333 0.842593 0.714583 0.828704 0.722396 0.808333 0.727604 0.791667 0.731250 0.783333 0.734375 0.803704 0.732292 0.828704 0.728646 0.850000 0.726042 0.868519 0.737500 0.879630 0.752083 0.883333 0.769271 0.863889 0.777083 0.830556 0.784896 0.824074 0.793229 0.861111
31 0.400000 0.344444 0.391146 0.345370 0.385937 0.339815 0.381250 0.324074 0.381250 0.312963 0.383333 0.298148 0.387500 0.288889 0.391667 0.284259 0.397396 0.282407 0.404687 0.281481 0.410417 0.282407 0.411458 0.289815 0.404687 0.297222 0.397396 0.297222 0.393229 0.301852 0.392188 0.310185 0.393750 0.322222 0.399479 0.335185 0.405208 0.341667
30 0.326042 0.246296 0.318750 0.237037 0.318750 0.225926 0.322396 0.216667 0.326042 0.212963 0.334375 0.212037 0.342187 0.215741 0.347396 0.224074 0.346354 0.230556 0.342708 0.240741 0.338542 0.245370 0.332813 0.247222
24 0.271354 0.394444 0.264583 0.401852 0.255729 0.412037 0.245833 0.417593 0.242188 0.405556 0.248438 0.390741 0.255208 0.379630 0.262500 0.377778 0.270313 0.381481 0.272396 0.385185
24 0.220312 0.362963 0.212500 0.362037 0.207813 0.356481 0.209896 0.341667 0.210938 0.325926 0.211979 0.316667 0.218229 0.316667 0.223438 0.322222 0.227083 0.327778 0.228646 0.332407 0.229687 0.341667 0.227604 0.350926 0.223438 0.355556
30 0.462500 0.379630 0.458333 0.377778 0.451562 0.370370 0.444792 0.366667 0.439583 0.367593 0.435937 0.367593 0.433333 0.365741 0.430208 0.357407 0.430208 0.346296 0.431250 0.341667 0.436458 0.338889 0.442188 0.336111 0.447396 0.337037 0.452083 0.342593 0.455729 0.354630 0.456250 0.362037 0.460938 0.368519 0.463542 0.375000
27 0.096875 0.819444 0.086979 0.811111 0.081250 0.800000 0.085938 0.773148 0.094271 0.779630 0.097917 0.785185 0.100521 0.790741 0.101562 0.801852 0.100521 0.810185 0.100521 0.817593