23 0.483333 0.719444 0.472917 0.705556 0.465104 0.700000 0.454688 0.690741 0.444792 0.671296 0.441667 0.655556 0.443750 0.637037 0.448958 0.621296 0.457292 0.612037 0.466667 0.600000 0.466667 0.578704 0.451042 0.579630 0.436458 0.592593 0.423438 0.609259 0.414062 0.631481 0.409375 0.655556 0.410938 0.684259 0.418229 0.704630 0.427083 0.722222 0.438542 0.737037 0.450521 0.746296 0.464583 0.755556 0.477604 0.759259 0.488542 0.757407 0.494271 0.752778 0.500521 0.744444 0.505208 0.737963 0.513021 0.727778 0.521875 0.717593 0.521354 0.703704 0.517708 0.698148 0.511458 0.700000 0.501042 0.712037 0.491146 0.716667
33 0.483333 0.718519 0.473958 0.706481 0.466146 0.700000 0.454167 0.688889 0.444792 0.671296 0.440104 0.654630 0.443229 0.637037 0.447396 0.622222 0.458333 0.611111 0.466667 0.600926 0.479167 0.597222 0.494792 0.600000 0.507292 0.608333 0.510417 0.621296 0.511458 0.635185 0.511458 0.644444 0.503646 0.649074 0.498437 0.662037 0.492708 0.681481 0.492188 0.702778 0.488542 0.712963
23 0.774479 0.103704 0.766146 0.108333 0.761979 0.116667 0.759896 0.124074 0.760938 0.134259 0.762500 0.137963 0.767188 0.145370 0.773438 0.146296 0.779687 0.147222 0.784896 0.148148 0.785937 0.147222 0.788542 0.146296 0.791146 0.139815 0.792188 0.129630 0.791667 0.121296 0.790104 0.114815 0.785937 0.108333 0.781250 0.103704
23 0.368229 0.151852 0.365104 0.159259 0.363021 0.170370 0.365625 0.180556 0.370833 0.190741 0.378646 0.191667 0.385937 0.188889 0.389583 0.181481 0.393229 0.170370 0.392188 0.157407 0.388542 0.148148 0.383333 0.144444 0.383333 0.149074 0.381250 0.157407 0.376042 0.163889 0.371875 0.162963 0.369792 0.159259 0.369792 0.150000
30 0.448437 0.270370 0.441146 0.262037 0.440625 0.250926 0.444271 0.241667 0.448437 0.237963 0.457292 0.239815 0.464062 0.240741 0.469271 0.248148 0.468750 0.255556 0.464583 0.265741 0.460417 0.270370 0.454688 0.271296
27 0.194792 0.237037 0.198958 0.237963 0.207292 0.236111 0.211458 0.237037 0.218750 0.243519 0.228646 0.245370 0.235937 0.246296 0.240625 0.247222 0.252604 0.243519 0.265104 0.236111 0.270833 0.225926 0.277083 0.214815 0.278646 0.206481 0.281250 0.201852 0.283333 0.192593 0.283854 0.187963 0.277083 0.188889 0.263542 0.196296 0.245312 0.200000 0.232813 0.209259 0.216146 0.219444 0.205208 0.225926 0.195312 0.233333
27 0.315104 0.224074 0.308333 0.225926 0.303646 0.229630 0.300000 0.235185 0.296354 0.243519 0.295833 0.254630 0.295312 0.261111 0.302083 0.263889 0.308333 0.267593 0.318229 0.268519 0.322396 0.268519 0.326042 0.262037 0.328646 0.257407 0.333333 0.255556 0.340104 0.250926 0.342708 0.244444 0.343750 0.239815 0.342187 0.237963 0.336979 0.239815 0.331771 0.234259 0.326042 0.229630 0.319792 0.225000
31 0.917708 0.421296 0.910937 0.437037 0.898438 0.440741 0.892188 0.428704 0.882812 0.408333 0.870833 0.395370 0.855729 0.385185 0.837500 0.373148 0.825000 0.367593 0.798958 0.379630 0.789583 0.389815 0.783854 0.400000 0.780729 0.402778 0.776042 0.401852 0.772396 0.400000 0.771354 0.392593 0.772917 0.384259 0.776042 0.375000 0.781250 0.370370 0.795312 0.359259 0.804688 0.350926 0.823438 0.344444 0.842187 0.344444 0.859375 0.355556 0.879687 0.373148 0.893750 0.392593 0.907292 0.411111
31 0.511979 0.373148 0.513542 0.376852 0.516146 0.379630 0.516667 0.382407 0.514583 0.388889 0.510417 0.391667 0.505208 0.395370 0.500000 0.392593 0.500000 0.381481 0.498437 0.375000 0.496875 0.364815 0.495833 0.351852 0.497396 0.343519 0.503646 0.335185 0.509375 0.329630 0.516146 0.325926 0.523438 0.324074 0.527604 0.324074 0.529687 0.330556 0.528125 0.339815 0.522917 0.342593 0.516667 0.343519 0.513542 0.344444 0.509375 0.348148 0.506771 0.351852 0.506250 0.352778 0.505208 0.355556 0.504687 0.359259 0.506250 0.364815 0.507812 0.368519
31 0.114583 0.990741 0.113021 0.951852 0.103646 0.939815 0.101042 0.919444 0.103125 0.898148 0.090625 0.881481 0.082812 0.887037 0.077604 0.907407 0.073958 0.935185 0.073438 0.962963 0.082812 0.987037 0.085938 0.997222 0.110937 0.995370
28 0.093750 0.845370 0.080208 0.853704 0.032292 0.767593 0.037500 0.746296 0.043750 0.748148 0.054688 0.769444
24 0.338542 0.360185 0.333333 0.363889 0.328125 0.368519 0.322917 0.368519 0.320833 0.354630 0.322396 0.344444 0.324479 0.333333 0.328125 0.324074 0.334375 0.328704 0.341667 0.337963 0.343229 0.346296 0.341146 0.357407
24 0.376563 0.417593 0.370312 0.425000 0.360938 0.435185 0.351562 0.441667 0.347396 0.428704 0.353646 0.414815 0.360417 0.402778 0.367188 0.400926 0.376042 0.405556 0.377604 0.408333
43 0.376042 0.049074 0.381771 0.055556 0.390104 0.060185 0.398958 0.059259 0.405729 0.062037 0.414583 0.063889 0.425000 0.058333 0.433854 0.053704 0.450000 0.039815 0.464062 0.025000 0.464062 0.010185 0.453646 0.001852 0.433854 0.000000 0.417708 0.012037 0.388021 0.033333 0.378646 0.040741
30 0.577083 0.435185 0.573438 0.434259 0.566667 0.425926 0.559896 0.422222 0.554688 0.424074 0.551042 0.424074 0.548438 0.422222 0.545312 0.413889 0.545312 0.401852 0.546354 0.398148 0.551562 0.395370 0.557292 0.392593 0.562500 0.393519 0.567187 0.399074 0.570833 0.411111 0.571354 0.417593 0.576042 0.424074 0.578646 0.430556
21 0.998958 0.273148 0.988021 0.225000 0.973958 0.175000 0.965104 0.125926 0.956771 0.088889 0.958333 0.069444 0.970313 0.052778 0.984896 0.056481 0.994792 0.067593 1.000000 0.085185
27 0.160417 0.828704 0.144271 0.809259 0.149479 0.781481 0.157292 0.788889 0.161458 0.794444 0.164062 0.800000 0.165104 0.810185 0.164062 0.819444 0.163542 0.826852
31 0.478646 0.599074 0.475000 0.585185 0.472917 0.577778 0.473958 0.569444 0.468229 0.557407 0.465625 0.552778 0.467708 0.544444 0.469792 0.539815 0.479167 0.535185 0.487500 0.538889 0.496875 0.548148 0.510938 0.545370 0.521875 0.546296 0.526042 0.559259 0.519792 0.572222 0.511979 0.573148 0.506250 0.581481 0.510417 0.586111 0.515625 0.588889 0.504687 0.593519 0.499479 0.592593 0.489063 0.595370 0.484896 0.597222