21 0.786458 0.306481 0.778125 0.298148 0.773438 0.287963 0.770312 0.275926 0.767188 0.251852 0.766146 0.228704 0.765104 0.211111 0.765104 0.198148 0.768750 0.190741 0.772396 0.175000 0.778646 0.159259 0.788542 0.153704 0.794271 0.153704 0.799479 0.157407 0.805729 0.162037 0.812500 0.179630 0.817187 0.194444 0.819271 0.206481 0.821875 0.219444 0.826042 0.237963 0.827083 0.255556 0.826562 0.269444 0.824479 0.277778 0.822396 0.285185 0.817187 0.289815 0.813542 0.284259 0.817708 0.281481 0.820833 0.273148 0.822396 0.259259 0.821875 0.244444 0.816146 0.222222 0.808854 0.213889 0.802604 0.209259 0.796875 0.207407 0.791146 0.207407 0.784375 0.212037 0.780729 0.215741 0.776042 0.222222 0.773438 0.231481 0.771354 0.241667 0.771875 0.250926 0.772396 0.257407 0.773438 0.266667 0.776042 0.274074 0.778646 0.284259 0.781250 0.290741 0.784896 0.297222
27 0.857292 0.616667 0.869792 0.609259 0.883854 0.604630 0.891667 0.604630 0.900000 0.606481 0.904167 0.612037 0.908333 0.628704 0.914583 0.646296 0.918750 0.666667 0.920833 0.688889 0.922396 0.714815 0.918229 0.735185 0.910937 0.750000 0.902604 0.758333 0.890104 0.763889 0.876042 0.761111 0.864583 0.750926 0.858333 0.739815 0.853646 0.726852 0.850000 0.717593 0.847917 0.707407 0.846875 0.692593 0.847396 0.677778 0.848437 0.670370 0.850000 0.657407 0.852083 0.643519 0.854688 0.633333 0.855208 0.624074
42 0.806250 0.709259 0.802083 0.706481 0.801042 0.698148 0.798438 0.681481 0.798438 0.672222 0.796354 0.659259 0.794792 0.648148 0.793229 0.638889 0.793750 0.630556 0.793229 0.616667 0.792188 0.607407 0.791146 0.598148 0.794792 0.599074 0.796354 0.602778 0.797396 0.613889 0.799479 0.630556 0.799479 0.639815 0.800000 0.646296 0.800521 0.650926 0.801042 0.651852 0.803646 0.646296 0.805208 0.635185 0.807292 0.632407 0.809375 0.633333 0.809896 0.638889 0.807292 0.644444 0.804688 0.653704 0.804167 0.660185 0.803646 0.668519 0.803646 0.670370 0.803646 0.675000 0.803646 0.683333 0.804167 0.689815 0.804688 0.699074 0.805208 0.700000 0.805729 0.703704
42 0.708333 0.790741 0.708333 0.795370 0.708854 0.797222 0.710417 0.797222 0.712500 0.797222 0.715625 0.792593 0.717708 0.788889 0.718750 0.786111 0.720833 0.781481 0.722917 0.776852 0.725000 0.770370 0.726042 0.767593 0.727083 0.765741 0.730729 0.763889 0.732292 0.762037 0.734896 0.758333 0.736458 0.757407 0.738542 0.755556 0.740104 0.752778 0.742708 0.750926 0.742708 0.747222 0.742188 0.743519 0.741146 0.741667 0.739583 0.741667 0.738021 0.744444 0.736458 0.748148 0.733333 0.750926 0.731250 0.752778 0.728646 0.754630 0.725000 0.755556 0.723437 0.757407 0.721875 0.761111 0.720833 0.763889 0.720313 0.764815 0.719271 0.768519 0.717187 0.773148 0.716146 0.777778 0.714063 0.781481 0.713542 0.781481 0.712500 0.782407 0.708854 0.787037
28 0.505729 0.389815 0.509896 0.398148 0.513542 0.400926 0.520833 0.394444 0.528646 0.390741 0.540104 0.376852 0.546875 0.371296 0.559375 0.364815 0.566146 0.358333 0.569792 0.350000 0.579688 0.348148 0.593229 0.337037 0.605208 0.326852 0.617188 0.312963 0.631250 0.299074 0.640104 0.288889 0.655729 0.271296 0.666146 0.256481 0.669792 0.247222 0.669792 0.241667 0.668229 0.237037 0.665104 0.239815 0.659375 0.248148 0.654687 0.254630 0.644271 0.267593 0.635417 0.280556 0.628646 0.288889 0.617188 0.298148 0.603646 0.311111 0.594792 0.319444 0.583333 0.326852 0.575000 0.335185 0.566146 0.339815 0.552604 0.351852 0.533333 0.368519 0.518229 0.379630
21 0.380729 0.000000 0.434896 0.000000 0.444792 0.021296 0.452604 0.037037 0.455208 0.048148 0.460417 0.055556 0.463542 0.063889 0.466146 0.071296 0.469271 0.079630 0.473438 0.089815 0.475521 0.095370 0.476042 0.099074 0.472396 0.095370 0.471354 0.094444 0.469271 0.092593 0.464583 0.091667 0.461458 0.092593 0.458854 0.088889 0.456250 0.086111 0.455729 0.086111 0.446875 0.083333 0.443229 0.084259 0.441146 0.086111 0.439063 0.090741 0.438542 0.097222 0.435417 0.107407 0.433333 0.113889 0.423958 0.110185 0.420312 0.104630 0.416667 0.091667 0.411458 0.080556 0.410417 0.073148 0.404167 0.057407 0.400000 0.045370 0.394792 0.032407 0.386458 0.012963
23 0.183333 0.099074 0.178646 0.097222 0.176563 0.090741 0.176042 0.083333 0.177083 0.075000 0.178646 0.066667 0.183333 0.060185 0.191146 0.055556 0.195833 0.059259 0.201042 0.062037 0.203646 0.070370 0.204687 0.079630 0.202083 0.092593 0.191667 0.098148
25 0.454688 0.712963 0.457292 0.703704 0.459896 0.690741 0.458333 0.684259 0.457292 0.675926 0.456250 0.663889 0.454688 0.653704 0.453646 0.642593 0.452083 0.631481 0.451562 0.622222 0.452604 0.611111 0.454688 0.606481 0.459375 0.610185 0.463021 0.619444 0.466146 0.633333 0.468750 0.640741 0.469271 0.650926 0.468229 0.664815 0.466146 0.675000 0.465104 0.686111 0.464583 0.697222 0.463021 0.706481 0.460938 0.711111 0.457813 0.713889
25 0.402083 0.677778 0.403646 0.679630 0.405729 0.681481 0.407813 0.680556 0.411979 0.677778 0.411979 0.672222 0.411979 0.670370 0.410938 0.664815 0.410417 0.657407 0.409896 0.650926 0.410417 0.644444 0.412500 0.628704 0.413542 0.612037 0.414583 0.606481 0.409896 0.611111 0.407813 0.612963 0.406771 0.621296 0.406250 0.630556 0.404687 0.640741 0.403646 0.650926 0.403646 0.661111 0.402604 0.668519
25 0.253646 0.875000 0.255729 0.889815 0.256250 0.897222 0.258333 0.908333 0.261458 0.913889 0.264583 0.915741 0.266667 0.909259 0.269271 0.900926 0.270833 0.890741 0.272396 0.876852 0.273438 0.863889 0.275000 0.844444 0.278125 0.828704 0.278646 0.820370 0.277604 0.814815 0.275000 0.813889 0.272396 0.813889 0.269792 0.814815 0.265104 0.817593 0.263021 0.822222 0.262500 0.831481 0.261979 0.841667 0.258854 0.855556 0.256250 0.866667
25 0.310937 0.911111 0.307812 0.934259 0.308333 0.943519 0.311979 0.941667 0.315625 0.939815 0.321875 0.930556 0.326562 0.921296 0.331250 0.907407 0.334375 0.892593 0.335938 0.880556 0.333333 0.870370 0.331250 0.869444 0.328646 0.873148 0.327083 0.879630 0.326042 0.886111 0.322917 0.896296 0.319792 0.903704 0.314583 0.908333
42 0.344271 0.872222 0.339583 0.884259 0.339583 0.898148 0.345313 0.904630 0.352083 0.897222 0.355729 0.892593 0.358333 0.873148 0.364583 0.855556 0.367188 0.832407 0.367708 0.813889 0.368750 0.802778 0.372917 0.800000 0.382812 0.802778 0.393750 0.803704 0.402083 0.803704 0.406250 0.803704 0.408333 0.808333 0.402083 0.810185 0.395833 0.812037 0.392188 0.819444 0.394792 0.833333 0.397396 0.838889 0.396875 0.855556 0.401562 0.856481 0.408854 0.850926 0.415625 0.850926 0.421875 0.850926 0.431250 0.851852 0.441146 0.856481 0.452604 0.854630 0.465625 0.850000 0.477083 0.841667 0.481250 0.835185 0.486458 0.825000 0.492188 0.820370 0.497396 0.811111 0.497396 0.799074 0.496354 0.787963 0.489583 0.784259 0.492188 0.779630 0.496875 0.769444 0.507812 0.755556 0.518750 0.749074 0.527604 0.742593 0.527083 0.725926 0.523958 0.711111 0.521875 0.695370 0.517188 0.681481 0.518229 0.665741 0.522917 0.642593 0.529687 0.623148 0.531771 0.603704 0.538542 0.593519 0.555208 0.581481 0.567187 0.566667 0.575000 0.561111 0.586979 0.557407 0.601562 0.558333 0.618229 0.562037 0.637500 0.548148 0.651042 0.537037 0.666667 0.536111 0.680729 0.536111 0.694792 0.533333 0.701562 0.520370 0.703646 0.511111 0.706771 0.504630 0.716146 0.506481 0.727083 0.513889 0.735417 0.521296 0.740625 0.525926 0.744792 0.524074 0.745833 0.510185 0.743229 0.492593 0.737500 0.476852 0.732292 0.469444 0.723437 0.460185 0.716667 0.459259 0.707812 0.460185 0.700000 0.477778 0.694271 0.494444 0.689063 0.504630 0.678646 0.506481 0.666146 0.505556 0.659896 0.500000 0.647917 0.505556 0.639583 0.512963 0.628646 0.524074 0.617708 0.529630 0.605729 0.528704 0.589583 0.528704 0.572396 0.533333 0.559896 0.542593 0.541667 0.560185 0.522396 0.573148 0.507292 0.590741 0.504687 0.604630 0.503646 0.622222 0.503646 0.637037 0.501563 0.648148 0.498958 0.664815 0.496875 0.684259 0.498958 0.699074 0.502083 0.711111 0.503646 0.721296 0.501042 0.724074 0.495312 0.725926 0.490104 0.737037 0.485938 0.741667 0.478646 0.758333 0.473958 0.768519 0.470833 0.781481 0.466146 0.797222 0.464583 0.811111 0.456771 0.817593 0.445312 0.822222 0.431771 0.819444 0.426563 0.810185 0.423438 0.796296 0.419792 0.784259 0.411458 0.777778 0.403646 0.781481 0.393750 0.781481 0.381771 0.784259 0.377604 0.781481 0.370833 0.779630 0.363542 0.784259 0.357812 0.790741 0.354687 0.808333 0.352083 0.827778 0.349479 0.843519 0.347396 0.859259
31 0.528646 0.002778 0.527083 0.016667 0.522917 0.028704 0.522917 0.037963 0.520833 0.066667 0.524479 0.079630 0.531250 0.088889 0.536458 0.093519 0.540104 0.103704 0.543750 0.112037 0.551562 0.121296 0.559375 0.129630 0.568229 0.141667 0.576042 0.146296 0.584896 0.146296 0.592187 0.139815 0.595833 0.137963 0.603125 0.140741 0.607292 0.152778 0.609896 0.158333 0.615625 0.167593 0.629167 0.177778 0.648958 0.187037 0.639583 0.201852 0.646875 0.221296 0.663542 0.237037 0.674479 0.244444 0.691667 0.242593 0.703646 0.224074 0.713542 0.224074 0.724479 0.233333 0.729167 0.203704 0.714583 0.181481 0.697396 0.173148 0.680729 0.170370 0.664583 0.159259 0.654687 0.149074 0.656771 0.147222 0.680208 0.145370 0.693750 0.143519 0.703125 0.144444 0.713021 0.145370 0.720833 0.138889 0.720833 0.128704 0.717708 0.111111 0.705729 0.101852 0.697917 0.104630 0.692708 0.112963 0.690104 0.117593 0.685937 0.119444 0.679688 0.118519 0.676042 0.118519 0.672396 0.117593 0.661979 0.116667 0.652083 0.118519 0.644792 0.120370 0.632812 0.125926 0.627604 0.128704 0.608854 0.114815 0.622396 0.112963 0.626042 0.102778 0.626042 0.089815 0.619792 0.086111 0.612500 0.086111 0.606771 0.088889 0.601562 0.097222 0.592708 0.100000 0.586979 0.107407 0.577604 0.114815 0.572396 0.117593 0.564583 0.106481 0.556250 0.100000 0.551042 0.095370 0.545833 0.087037 0.542188 0.073148 0.533854 0.063889 0.531250 0.053704 0.531250 0.039815 0.531250 0.028704 0.533333 0.019444 0.536458 0.012963 0.540104 0.000926 0.539062 0.000000 0.529687 0.000000
31 0.203646 0.298148 0.199479 0.308333 0.194792 0.322222 0.195833 0.333333 0.200521 0.335185 0.206250 0.331481 0.212500 0.319444 0.216146 0.312963 0.216146 0.305556 0.218229 0.299074 0.223958 0.289815 0.231250 0.283333 0.240104 0.279630 0.247917 0.270370 0.256771 0.268519 0.260417 0.271296 0.281771 0.275926 0.292708 0.279630 0.303646 0.288889 0.314583 0.300926 0.323437 0.301852 0.326042 0.297222 0.326042 0.282407 0.326042 0.274074 0.314063 0.263889 0.303125 0.257407 0.289062 0.255556 0.269271 0.250926 0.256771 0.248148 0.242188 0.250926 0.230729 0.259259 0.213542 0.275000 0.206250 0.289815
42 0.521875 0.962037 0.509896 0.970370 0.501042 0.976852 0.492188 0.972222 0.487500 0.956481 0.488542 0.933333 0.488542 0.913889 0.489063 0.895370 0.498437 0.891667 0.505729 0.888889 0.508333 0.871296 0.512500 0.846296 0.512500 0.828704 0.516146 0.810185 0.519792 0.785185 0.521875 0.773148 0.528646 0.748148 0.533854 0.731481 0.540625 0.712963 0.544271 0.699074 0.547917 0.686111 0.550000 0.680556 0.551562 0.675926 0.559375 0.675000 0.569792 0.681481 0.572396 0.696296 0.570833 0.710185 0.566146 0.717593 0.560417 0.711111 0.558854 0.701852 0.555729 0.706481 0.554688 0.714815 0.551562 0.722222 0.546354 0.747222 0.541146 0.763889 0.534896 0.790741 0.530208 0.811111 0.527604 0.836111 0.525000 0.852778 0.521875 0.884259 0.522396 0.908333 0.524479 0.930556 0.527083 0.955556
42 0.533333 0.395370 0.532292 0.399074 0.538542 0.402778 0.555208 0.401852 0.565104 0.402778 0.578646 0.404630 0.595833 0.401852 0.613542 0.400000 0.632292 0.400000 0.646875 0.397222 0.664583 0.398148 0.672396 0.398148 0.681771 0.395370 0.683854 0.393519 0.679688 0.390741 0.670833 0.390741 0.665104 0.392593 0.654167 0.392593 0.642708 0.392593 0.636458 0.394444 0.623958 0.394444 0.612500 0.395370 0.603646 0.395370 0.592708 0.392593 0.581250 0.392593 0.579688 0.392593 0.576042 0.392593 0.568229 0.392593 0.548958 0.392593 0.542188 0.392593
42 0.660417 0.887037 0.645833 0.895370 0.632292 0.907407 0.627083 0.932407 0.625000 0.952778 0.607812 0.979630 0.604688 0.999074 0.618750 0.999074 0.625521 0.982407 0.636458 0.966667 0.643750 0.946296 0.653125 0.927778 0.668750 0.950926 0.684896 0.957407 0.702083 0.952778 0.718229 0.935185 0.710938 0.919444 0.678646 0.908333
22 0.508333 0.459259 0.511458 0.434259 0.528646 0.420370 0.553646 0.417593 0.570312 0.430556 0.572917 0.459259 0.577083 0.481481 0.579688 0.503704 0.569792 0.511111 0.557292 0.504630 0.545833 0.516667 0.535937 0.537037 0.519271 0.537037 0.508333 0.525000 0.502604 0.501852 0.511458 0.484259
31 0.604167 0.653704 0.598437 0.650000 0.596354 0.639815 0.601042 0.629630 0.609896 0.628704 0.609896 0.637037 0.606771 0.642593 0.613542 0.648148 0.618750 0.653704 0.621354 0.662037 0.620833 0.673148 0.613542 0.677778 0.606771 0.678704 0.605729 0.665741 0.608333 0.662037 0.611458 0.661111 0.607812 0.655556