44 0.264583 0.339815 0.267188 0.344444 0.275000 0.351852 0.279687 0.359259 0.285938 0.367593 0.290104 0.370370 0.295833 0.375000 0.299479 0.370370 0.293229 0.363889 0.290104 0.357407 0.286979 0.350926 0.284375 0.345370 0.280729 0.333333 0.276562 0.323148 0.275000 0.320370 0.273438 0.324074 0.270833 0.325926 0.268750 0.329630 0.266146 0.332407 0.264583 0.335185
23 0.617188 0.916667 0.608333 0.903704 0.604167 0.888889 0.604688 0.869444 0.611979 0.855556 0.627604 0.850926 0.639583 0.860185 0.645312 0.886111 0.639583 0.903704 0.632292 0.913889
30 0.446354 0.282407 0.444271 0.297222 0.441146 0.300926 0.435417 0.298148 0.431771 0.282407 0.431250 0.267593 0.433854 0.252778 0.441667 0.245370 0.451042 0.248148 0.458333 0.255556 0.461458 0.269444 0.463021 0.280556 0.460938 0.284259 0.456250 0.280556 0.451562 0.276852 0.448958 0.275000
30 0.399479 0.246296 0.391146 0.241667 0.387500 0.230556 0.385937 0.222222 0.389583 0.214815 0.396875 0.209259 0.401042 0.207407 0.406250 0.206481 0.415104 0.208333 0.418750 0.216667 0.419792 0.226852 0.419792 0.235185 0.416146 0.243519 0.409375 0.246296
22 0.576042 0.467593 0.581250 0.457407 0.590104 0.443519 0.598437 0.430556 0.597917 0.402778 0.585417 0.382407 0.577083 0.370370 0.566667 0.358333 0.553646 0.353704 0.543750 0.361111 0.527083 0.372222 0.518750 0.386111 0.514583 0.403704 0.515104 0.433333 0.514583 0.450926 0.522396 0.465741 0.533333 0.480556 0.546875 0.486111 0.557813 0.492593 0.566667 0.492593
30 0.664062 0.450926 0.656771 0.441667 0.653646 0.431481 0.653646 0.423148 0.656250 0.416667 0.662500 0.411111 0.668750 0.411111 0.673958 0.413889 0.681250 0.419444 0.684375 0.425000 0.685937 0.431481 0.688021 0.435185 0.689583 0.437037 0.691146 0.448148 0.685937 0.457407 0.681250 0.459259 0.677083 0.459259 0.671875 0.458333
30 0.653646 0.414815 0.651042 0.414815 0.648438 0.406481 0.646875 0.397222 0.647396 0.387037 0.649479 0.380556 0.655208 0.375000 0.658854 0.375926 0.663542 0.374074 0.666146 0.375000 0.669792 0.383333 0.671354 0.394444 0.673958 0.403704 0.673438 0.413889 0.669792 0.412963 0.663542 0.409259 0.658333 0.410185 0.656250 0.412963
31 0.217188 0.921296 0.208854 0.931481 0.207813 0.941667 0.208333 0.962037 0.213021 0.969444 0.216146 0.976852 0.219792 0.991667 0.225000 1.000000 0.234375 1.000000 0.240625 0.999074 0.247396 0.999074 0.257812 0.999074 0.264583 0.990741 0.263542 0.975000 0.258333 0.952778 0.255208 0.940741 0.251042 0.928704 0.253646 0.914815 0.256250 0.903704 0.260937 0.888889 0.266146 0.873148 0.276042 0.847222 0.287500 0.809259 0.304688 0.759259 0.322917 0.710185 0.338542 0.667593 0.347396 0.648148 0.357812 0.631481 0.361979 0.644444 0.367188 0.662963 0.382292 0.670370 0.396354 0.662037 0.405208 0.661111 0.409896 0.706481 0.423438 0.724074 0.433333 0.750000 0.442188 0.767593 0.456771 0.787037 0.472396 0.807407 0.487500 0.813889 0.497396 0.807407 0.509375 0.795370 0.513542 0.773148 0.516146 0.750000 0.511458 0.728704 0.506771 0.709259 0.495833 0.692593 0.482292 0.671296 0.468750 0.653704 0.452083 0.639815 0.431771 0.627778 0.421875 0.623148 0.420833 0.603704 0.416667 0.573148 0.408333 0.555556 0.397396 0.546296 0.388021 0.539815 0.373958 0.544444 0.363021 0.566667 0.356250 0.585185 0.351562 0.601852 0.335938 0.628704 0.327083 0.644444 0.314583 0.673148 0.308333 0.696296 0.301042 0.714815 0.293750 0.734259 0.279167 0.765741 0.266146 0.802778 0.259375 0.823148 0.247396 0.858333 0.231250 0.871296 0.220312 0.907407
23 0.782292 0.850000 0.784896 0.831481 0.782292 0.808333 0.773958 0.790741 0.764583 0.782407 0.754687 0.803704 0.742188 0.794444 0.737500 0.820370 0.737500 0.847222 0.745833 0.862963 0.753646 0.873148 0.764583 0.874074 0.773958 0.866667
23 0.097396 0.085185 0.082292 0.084259 0.078125 0.086111 0.073438 0.094444 0.070312 0.102778 0.067708 0.117593 0.067708 0.128704 0.071354 0.135185 0.076563 0.138889 0.080729 0.139815 0.084375 0.140741 0.090104 0.139815 0.097917 0.135185 0.100521 0.130556 0.101042 0.122222 0.100000 0.118519 0.096354 0.114815 0.091667 0.115741 0.088021 0.118519 0.082812 0.118519 0.077604 0.116667 0.077604 0.112963 0.079687 0.106481 0.082292 0.100000 0.084896 0.096296 0.089583 0.093519 0.095833 0.092593 0.097917 0.089815
23 0.589583 0.447222 0.583333 0.455556 0.579688 0.466667 0.581250 0.480556 0.584375 0.488889 0.592187 0.490741 0.597917 0.488889 0.604688 0.487037 0.613021 0.486111 0.620313 0.486111 0.629687 0.490741 0.641146 0.500000 0.655208 0.512963 0.666667 0.527778 0.675521 0.539815 0.688542 0.556481 0.699479 0.563889 0.716667 0.573148 0.738021 0.581481 0.747396 0.584259 0.763021 0.584259 0.771354 0.576852 0.779687 0.569444 0.781250 0.557407 0.777083 0.546296 0.764583 0.539815 0.751563 0.533333 0.733854 0.516667 0.719271 0.506481 0.701562 0.488889 0.689583 0.471296 0.678646 0.461111 0.667188 0.453704 0.655208 0.443519 0.642188 0.436111 0.622917 0.433333 0.607292 0.435185 0.596354 0.438889
33 0.557292 0.258333 0.601042 0.285185 0.601042 0.291667 0.581250 0.342593 0.535937 0.315741 0.535417 0.306481
30 0.689583 0.324074 0.692187 0.325000 0.695312 0.324074 0.698958 0.323148 0.701562 0.323148 0.704688 0.321296 0.707292 0.319444 0.710938 0.318519 0.713542 0.318519 0.716146 0.317593 0.718229 0.305556 0.717708 0.295370 0.716146 0.290741 0.714063 0.287963 0.711458 0.279630 0.708854 0.276852 0.705208 0.275926 0.701562 0.279630 0.694792 0.284259 0.691667 0.289815 0.688542 0.298148 0.684896 0.308333 0.683333 0.313889 0.684375 0.315741 0.686458 0.316667 0.690104 0.317593 0.691667 0.317593 0.690104 0.319444 0.688021 0.324074
30 0.865625 0.395370 0.857812 0.403704 0.850521 0.403704 0.844271 0.404630 0.838021 0.398148 0.835417 0.391667 0.834896 0.385185 0.835417 0.374074 0.837500 0.363889 0.841146 0.358333 0.846354 0.355556 0.852083 0.357407 0.860938 0.363889 0.863021 0.371296 0.861979 0.376852 0.848958 0.373148 0.844271 0.375000 0.840625 0.377778 0.843750 0.381481 0.851042 0.383333 0.855208 0.385185 0.863542 0.387037 0.866667 0.390741
30 0.807813 0.450000 0.816146 0.444444 0.817187 0.434259 0.814583 0.425000 0.811458 0.417593 0.807813 0.412963 0.803646 0.410185 0.798438 0.409259 0.793750 0.409259 0.790104 0.411111 0.788542 0.414815 0.788021 0.427778 0.788021 0.437963 0.788542 0.445370 0.791667 0.450926 0.795833 0.452778 0.800000 0.451852 0.804167 0.450926
27 0.000000 0.742593 0.015104 0.737963 0.028125 0.722222 0.035937 0.702778 0.039583 0.676852 0.039583 0.651852 0.035417 0.633333 0.023958 0.615741 0.006250 0.596296 0.000000 0.588889
30 0.294271 0.391667 0.296354 0.400000 0.300000 0.402778 0.307292 0.408333 0.316146 0.409259 0.321875 0.410185 0.326562 0.410185 0.329688 0.410185 0.330208 0.405556 0.326042 0.401852 0.320833 0.395370 0.313542 0.388889 0.304167 0.384259 0.297917 0.384259 0.294271 0.388889
30 0.116146 0.431481 0.118750 0.431481 0.122396 0.430556 0.124479 0.428704 0.129167 0.425000 0.132292 0.420370 0.135417 0.414815 0.135937 0.408333 0.134896 0.402778 0.132812 0.399074 0.127083 0.400000 0.122396 0.405556 0.119792 0.411111 0.117188 0.421296 0.115104 0.428704 0.114583 0.431481
31 0.652083 0.804630 0.635938 0.811111 0.626563 0.819444 0.623437 0.806481 0.625521 0.790741 0.631250 0.768519 0.635938 0.755556 0.640104 0.740741 0.639583 0.715741 0.640104 0.690741 0.639583 0.665741 0.640104 0.637963 0.642708 0.617593 0.642188 0.592593 0.639583 0.573148 0.631250 0.558333 0.614583 0.547222 0.600000 0.533333 0.582292 0.537037 0.567187 0.544444 0.559375 0.538889 0.543750 0.541667 0.521875 0.550000 0.505729 0.555556 0.493750 0.559259 0.476042 0.557407 0.456250 0.557407 0.443750 0.551852 0.428125 0.550926 0.409375 0.555556 0.395833 0.548148 0.398438 0.537037 0.406250 0.529630 0.413542 0.527778 0.425000 0.524074 0.446354 0.525000 0.463542 0.531481 0.479687 0.531481 0.493229 0.530556 0.507812 0.526852 0.519792 0.523148 0.538021 0.516667 0.555208 0.511111 0.570833 0.506481 0.585417 0.506481 0.598437 0.507407 0.615104 0.512037 0.627604 0.522222 0.639583 0.537963 0.651042 0.559259 0.656250 0.575000 0.658333 0.588889 0.659896 0.606481 0.660417 0.623148 0.660937 0.646296 0.659896 0.662963 0.661458 0.681481 0.659896 0.724074 0.658333 0.744444 0.654687 0.762037 0.650521 0.773148 0.646875 0.783333
25 0.695312 0.625926 0.697396 0.633333 0.701042 0.639815 0.705208 0.648148 0.708333 0.654630 0.711458 0.659259 0.713542 0.662037 0.716146 0.661111 0.716146 0.657407 0.712500 0.646296 0.711458 0.639815 0.709896 0.635185 0.706250 0.632407 0.704688 0.627778 0.702604 0.622222 0.701042 0.624074 0.697396 0.624074 0.695833 0.624074
25 0.727083 0.614815 0.722396 0.616667 0.719792 0.619444 0.720313 0.622222 0.723958 0.625000 0.726562 0.628704 0.729688 0.630556 0.734896 0.635185 0.737500 0.635185 0.741146 0.637037 0.743229 0.638889 0.743229 0.636111 0.741146 0.629630 0.735938 0.621296 0.730208 0.615741
30 0.725000 0.688889 0.727083 0.695370 0.726562 0.703704 0.722917 0.711111 0.718750 0.713889 0.714063 0.722222 0.706250 0.722222 0.700000 0.717593 0.698438 0.708333 0.695312 0.698148 0.693229 0.690741 0.692187 0.683333 0.691146 0.677778 0.689583 0.668519 0.690104 0.661111 0.693750 0.656481 0.697917 0.656481 0.702083 0.656481 0.707812 0.659259 0.711979 0.667593 0.714063 0.674074 0.716667 0.678704 0.719271 0.681481 0.723437 0.686111
33 0.737500 0.801852 0.726042 0.777778 0.717187 0.753704 0.722396 0.730556 0.744792 0.706481 0.807813 0.654630 0.825521 0.664815 0.865625 0.751852 0.867708 0.761111 0.872917 0.763889 0.884896 0.794444 0.882812 0.815741 0.874479 0.839815 0.877083 0.855556 0.872396 0.862037 0.866146 0.867593 0.857292 0.875000 0.853646 0.887037 0.844792 0.914815 0.838542 0.935185 0.828125 0.949074 0.821354 0.954630 0.816146 0.943519 0.811458 0.937963 0.807292 0.937037 0.806250 0.928704 0.805729 0.912963 0.801562 0.905556 0.792708 0.901852 0.787500 0.900926 0.778646 0.886111 0.772396 0.870370 0.780729 0.855556 0.784896 0.835185 0.784896 0.817593 0.779687 0.797222 0.774479 0.787963 0.767188 0.781481 0.762500 0.780556 0.752083 0.775000 0.747396 0.779630 0.742708 0.790741
30 0.807292 0.788889 0.802083 0.777778 0.797917 0.771296 0.800000 0.763889 0.803125 0.756481 0.807813 0.748148 0.813542 0.742593 0.818750 0.739815 0.826042 0.741667 0.832292 0.749074 0.837500 0.753704 0.840625 0.762963 0.838542 0.775000 0.837500 0.784259 0.836458 0.790741 0.833854 0.797222 0.828646 0.801852 0.825000 0.802778 0.820833 0.801852 0.816146 0.798148 0.812500 0.793519 0.809896 0.789815
30 0.898438 0.731481 0.904167 0.735185 0.905729 0.734259 0.909896 0.735185 0.914583 0.736111 0.918750 0.728704 0.921875 0.721296 0.925000 0.711111 0.926042 0.706481 0.923438 0.700000 0.919792 0.694444 0.916667 0.688889 0.910937 0.687037 0.903125 0.689815 0.899479 0.692593 0.895833 0.691667 0.891146 0.687037 0.888542 0.685185 0.889062 0.692593 0.889062 0.700000 0.888542 0.705556 0.888021 0.711111 0.888021 0.715741 0.891146 0.724074 0.893229 0.726852
30 0.718229 0.362963 0.708854 0.378704 0.701042 0.381481 0.688542 0.375000 0.687500 0.359259 0.692708 0.350000 0.702083 0.346296 0.710938 0.342593 0.721354 0.328704 0.729688 0.311111 0.742708 0.300000 0.753646 0.301852 0.763542 0.307407 0.768750 0.320370 0.767708 0.330556 0.766667 0.337037 0.770833 0.343519 0.781250 0.353704 0.789583 0.357407 0.799479 0.363889 0.801042 0.378704 0.798958 0.394444 0.793750 0.403704 0.778646 0.397222 0.770312 0.383333 0.767188 0.373148 0.768750 0.359259 0.769792 0.350926 0.766146 0.346296 0.758333 0.339815 0.750000 0.342593 0.743229 0.344444 0.738542 0.341667 0.731250 0.333333 0.726562 0.331481 0.718229 0.350926 0.714583 0.357407
30 0.735417 0.220370 0.735938 0.211111 0.733333 0.203704 0.729167 0.196296 0.725000 0.190741 0.721354 0.185185 0.717187 0.187037 0.716146 0.194444 0.716146 0.201852 0.718229 0.208333 0.721354 0.218519 0.725000 0.225000 0.732292 0.224074 0.734896 0.222222
30 0.645833 0.201852 0.647917 0.195370 0.647917 0.187037 0.645833 0.179630 0.643750 0.175000 0.640104 0.170370 0.634896 0.170370 0.628646 0.177778 0.627604 0.187037 0.626563 0.193519 0.617188 0.203704 0.612500 0.206481 0.612500 0.215741 0.616146 0.220370 0.623437 0.223148 0.629167 0.221296 0.631771 0.217593 0.633333 0.211111 0.635938 0.208333 0.640104 0.208333
30 0.787500 0.239815 0.779167 0.244444 0.772917 0.250926 0.768229 0.253704 0.763542 0.257407 0.758854 0.258333 0.755208 0.253704 0.758333 0.245370 0.764583 0.239815 0.767188 0.237037 0.763542 0.234259 0.758333 0.230556 0.756771 0.225000 0.757292 0.223148 0.749479 0.217593 0.748437 0.211111 0.751042 0.203704 0.758333 0.200000 0.768229 0.200000 0.776563 0.203704 0.784896 0.205556 0.791667 0.204630 0.796875 0.200926 0.801042 0.195370 0.802083 0.192593 0.803646 0.184259 0.806250 0.176852 0.810417 0.148148 0.813021 0.139815 0.820833 0.139815 0.830729 0.148148 0.832292 0.157407 0.836979 0.169444 0.842187 0.179630 0.848437 0.197222 0.848958 0.212037 0.843750 0.215741 0.839063 0.208333 0.834896 0.209259 0.827083 0.214815 0.822396 0.214815 0.819792 0.212963 0.816667 0.218519 0.812500 0.225000 0.807292 0.226852 0.799479 0.228704 0.794792 0.228704 0.790625 0.231481
30 0.561458 0.250000 0.571354 0.250926 0.582292 0.257407 0.591146 0.267593 0.594792 0.278704 0.594271 0.282407 0.580208 0.273148 0.564583 0.262963 0.554688 0.260185 0.551042 0.254630
27 0.456250 0.286111 0.498958 0.312963 0.527083 0.325926 0.550000 0.333333 0.537500 0.317593 0.525000 0.302778 0.508333 0.297222 0.461979 0.272222 0.461979 0.279630 0.453646 0.279630
30 0.748437 0.440741 0.752083 0.462963 0.763021 0.473148 0.776563 0.473148 0.786458 0.459259 0.784375 0.446296 0.769271 0.439815 0.752604 0.433333 0.744271 0.431481