21 0.588021 0.756481 0.594271 0.744444 0.597396 0.728704 0.604688 0.670370 0.607292 0.630556 0.603646 0.582407 0.598958 0.538889 0.591146 0.516667 0.580208 0.508333 0.567708 0.511111 0.555208 0.537963 0.542188 0.564815 0.535937 0.579630 0.525000 0.615741 0.513542 0.657407 0.506771 0.687963 0.505208 0.722222 0.508333 0.747222 0.518750 0.768519 0.526042 0.768519 0.523438 0.748148 0.522396 0.717593 0.532813 0.663889 0.534896 0.639815 0.541146 0.635185 0.553125 0.637963 0.564063 0.646296 0.573438 0.650000 0.574479 0.647222 0.579167 0.654630 0.584896 0.672222 0.590625 0.696296 0.592187 0.722222 0.590625 0.737037 0.585417 0.750926
33 0.861458 0.803704 0.854167 0.805556 0.843750 0.803704 0.837500 0.803704 0.833333 0.808333 0.828646 0.806481 0.826042 0.801852 0.825000 0.789815 0.822396 0.778704 0.820312 0.766667 0.822396 0.760185 0.826042 0.747222 0.831771 0.739815 0.836458 0.738889 0.842708 0.744444 0.853125 0.744444 0.856250 0.748148 0.859896 0.763889 0.860938 0.775926
21 0.105729 0.139815 0.109896 0.125926 0.115104 0.117593 0.122917 0.109259 0.132292 0.105556 0.141146 0.107407 0.152083 0.117593 0.153646 0.125000 0.157292 0.144444 0.164583 0.188889 0.180208 0.279630 0.191667 0.364815 0.195312 0.384259 0.189583 0.382407 0.181771 0.379630 0.176563 0.382407 0.172396 0.381481 0.171354 0.375926 0.165625 0.373148 0.156250 0.370370 0.153646 0.369444 0.149479 0.378704 0.146354 0.390741 0.143750 0.403704 0.139063 0.402778 0.135937 0.384259 0.126562 0.314815 0.118750 0.249074 0.109375 0.179630
27 0.448958 0.825000 0.447917 0.835185 0.444271 0.839815 0.441146 0.837037 0.439583 0.829630 0.441667 0.818519 0.442708 0.802778 0.443750 0.781481 0.443229 0.766667 0.443750 0.754630 0.446354 0.752778 0.450521 0.753704 0.451042 0.762963 0.451042 0.774074 0.451042 0.794444
42 0.126562 0.884259 0.127083 0.892593 0.131250 0.895370 0.139063 0.892593 0.147396 0.888889 0.151562 0.887963 0.169792 0.872222 0.179688 0.862037 0.188542 0.859259 0.204167 0.847222 0.207292 0.835185 0.214583 0.830556 0.219792 0.835185 0.235417 0.822222 0.258333 0.803704 0.293750 0.768519 0.326562 0.736111 0.352083 0.704630 0.368229 0.687037 0.383333 0.665741 0.383333 0.654630 0.377604 0.652778 0.368229 0.661111 0.347917 0.687037 0.329688 0.708333 0.310937 0.729630 0.292187 0.749074 0.292187 0.758333 0.284896 0.757407 0.279167 0.764815 0.276042 0.762037 0.265625 0.775926 0.233333 0.800000 0.191667 0.834259 0.154167 0.861111
31 0.996354 0.774074 0.996875 0.786111 0.988542 0.788889 0.980729 0.790741 0.971875 0.786111 0.954167 0.769444 0.942708 0.748148 0.943750 0.714815 0.954167 0.682407 0.967187 0.663889 0.977083 0.648148 0.988542 0.642593 0.994792 0.657407 0.995833 0.677778 0.992708 0.699074 0.981250 0.689815 0.971354 0.697222 0.963021 0.712963 0.960417 0.730556 0.967187 0.742593 0.979688 0.739815 0.989062 0.748148 0.994271 0.759259
30 0.981250 0.797222 0.969792 0.814815 0.960938 0.829630 0.959896 0.844444 0.964583 0.850000 0.974479 0.850926 0.982812 0.839815 0.988542 0.825000 0.989062 0.807407
29 0.000000 0.082407 0.000521 0.124074 0.009375 0.167593 0.029687 0.169444 0.057292 0.168519 0.079687 0.167593 0.103646 0.159259 0.107292 0.157407 0.106250 0.143519 0.109896 0.127778 0.115104 0.118519 0.123958 0.108333 0.132812 0.104630 0.141667 0.107407 0.152604 0.117593 0.154688 0.128704 0.163542 0.125000 0.201042 0.114815 0.222396 0.105556 0.244792 0.102778 0.277604 0.094444 0.308854 0.081481 0.344792 0.079630 0.383333 0.079630 0.418750 0.077778 0.455208 0.066667 0.472396 0.062037 0.484896 0.049074 0.495833 0.036111 0.496875 0.014815 0.486979 0.013889 0.479167 0.022222 0.464583 0.025000 0.440625 0.024074 0.417187 0.022222 0.396354 0.027778 0.344792 0.041667 0.303646 0.053704 0.240104 0.062037 0.210417 0.071296 0.173437 0.078704 0.133333 0.097222 0.095833 0.114815 0.061458 0.130556 0.038542 0.126852 0.015625 0.106481
31 0.350521 0.608333 0.354687 0.619444 0.363542 0.628704 0.373437 0.628704 0.382292 0.641667 0.385417 0.658333 0.388542 0.669444 0.398438 0.670370 0.416667 0.659259 0.424479 0.639815 0.435937 0.609259 0.452083 0.589815 0.452083 0.568519 0.434896 0.563889 0.422396 0.552778 0.412500 0.539815 0.393750 0.524074 0.379688 0.517593 0.375521 0.503704 0.377083 0.490741 0.384896 0.490741 0.409896 0.486111 0.432292 0.486111 0.450521 0.481481 0.463021 0.486111 0.475000 0.490741 0.494792 0.477778 0.498958 0.448148 0.491146 0.428704 0.481250 0.421296 0.472396 0.412037 0.452604 0.412963 0.442708 0.425926 0.438021 0.442593 0.437500 0.448148 0.407813 0.449074 0.389062 0.448148 0.378646 0.451852 0.358333 0.468519 0.359896 0.462037 0.355208 0.453704 0.341146 0.452778 0.336979 0.448148 0.343229 0.437963 0.357292 0.427778 0.364583 0.404630 0.362500 0.387963 0.353125 0.384259 0.335938 0.388889 0.321875 0.399074 0.316146 0.410185 0.316146 0.415741 0.310417 0.419444 0.305208 0.425926 0.298958 0.433333 0.291146 0.433333 0.278646 0.412963 0.275000 0.397222 0.273958 0.377778 0.271875 0.360185 0.267708 0.350000 0.269792 0.335185 0.272917 0.324074 0.282813 0.323148 0.291146 0.312037 0.294271 0.303704 0.293750 0.292593 0.285938 0.273148 0.288542 0.254630 0.295833 0.248148 0.300000 0.252778 0.306250 0.248148 0.309896 0.237037 0.316146 0.226852 0.311458 0.217593 0.300000 0.208333 0.289062 0.206481 0.278646 0.208333 0.266146 0.219444 0.262500 0.238889 0.262500 0.262037 0.266146 0.273148 0.265625 0.284259 0.260937 0.303704 0.253646 0.333333 0.251042 0.350000 0.251042 0.366667 0.257292 0.379630 0.261979 0.391667 0.263542 0.416667 0.270833 0.435185 0.283854 0.457407 0.288542 0.468519 0.295833 0.479630 0.298438 0.479630 0.306250 0.480556 0.316146 0.477778 0.320312 0.475926 0.325000 0.501852 0.321354 0.522222 0.323437 0.540741 0.330208 0.539815 0.340104 0.540741 0.353646 0.544444 0.365625 0.541667 0.369792 0.546296 0.369792 0.558333 0.362500 0.568519 0.357292 0.577778 0.353646 0.587963 0.352083 0.595370
31 0.353646 0.264815 0.350521 0.275000 0.354687 0.288889 0.359896 0.300000 0.365625 0.298148 0.378646 0.300000 0.395313 0.288889 0.401562 0.288889 0.396354 0.273148 0.394792 0.258333 0.397396 0.246296 0.402604 0.239815 0.415104 0.235185 0.425000 0.233333 0.435417 0.234259 0.446354 0.245370 0.455208 0.246296 0.465104 0.240741 0.479687 0.228704 0.480208 0.208333 0.476042 0.195370 0.481250 0.177778 0.496875 0.162037 0.507292 0.158333 0.518750 0.159259 0.526563 0.177778 0.532292 0.182407 0.525521 0.202778 0.502083 0.223148 0.501563 0.233333 0.517188 0.236111 0.528125 0.227778 0.536979 0.214815 0.540104 0.201852 0.546875 0.201852 0.560937 0.199074 0.564583 0.179630 0.572396 0.159259 0.572917 0.136111 0.558854 0.110185 0.538542 0.100000 0.528646 0.100000 0.520833 0.095370 0.511979 0.080556 0.502083 0.076852 0.493229 0.091667 0.491146 0.106481 0.483333 0.114815 0.470313 0.117593 0.457813 0.114815 0.452083 0.127778 0.447396 0.140741 0.445312 0.157407 0.430208 0.165741 0.414583 0.182407 0.413542 0.192593 0.419792 0.197222 0.429167 0.195370 0.434896 0.208333 0.416146 0.214815 0.393229 0.219444 0.377083 0.237037 0.365104 0.254630
23 0.278646 0.412963 0.291146 0.433333 0.299479 0.433333 0.305208 0.425926 0.308333 0.408333 0.306771 0.393519 0.304688 0.378704 0.304688 0.361111 0.316667 0.350926 0.329688 0.331481 0.345833 0.312037 0.352083 0.295370 0.352604 0.273148 0.352604 0.257407 0.357292 0.246296 0.364063 0.237963 0.372396 0.231481 0.372396 0.218519 0.367708 0.207407 0.357292 0.208333 0.345833 0.219444 0.342187 0.237037 0.337500 0.268519 0.331250 0.287963 0.316146 0.301852 0.297917 0.308333 0.289062 0.314815 0.276042 0.337037 0.273438 0.361111 0.274479 0.386111 0.275000 0.401852
33 0.663542 0.223148 0.668750 0.260185 0.658333 0.267593 0.640104 0.263889 0.636979 0.228704
27 0.398958 0.294444 0.395313 0.293519 0.394271 0.297222 0.394792 0.300926 0.395833 0.306481 0.397396 0.311111 0.398958 0.312963 0.403646 0.312037 0.406771 0.312037 0.408854 0.310185 0.410417 0.303704 0.406250 0.300926
33 0.396875 0.106481 0.384375 0.118519 0.373958 0.140741 0.391667 0.148148 0.417187 0.150926 0.430208 0.139815 0.426563 0.120370 0.408333 0.113889
33 0.028646 0.090741 0.084896 0.082407 0.103646 0.077778 0.088021 0.046296 0.010937 0.061111 0.006250 0.099074 0.016667 0.095370
25 0.072396 0.105556 0.066146 0.120370 0.067187 0.127778 0.076042 0.125926 0.089583 0.121296 0.095833 0.106481 0.097396 0.093519 0.099479 0.079630 0.089583 0.078704 0.085417 0.087963 0.076563 0.095370