21 0.416146 0.984259 0.422917 0.988889 0.426563 0.979630 0.431250 0.965741 0.434896 0.955556 0.439583 0.950000 0.443750 0.948148 0.445833 0.952778 0.453125 0.962037 0.458333 0.966667 0.463021 0.973148 0.466146 0.975000 0.466146 0.981481 0.468750 0.987037 0.473958 0.987963 0.479687 0.987037 0.490625 0.991667 0.498437 0.992593 0.497917 0.941667 0.498437 0.903704 0.490625 0.737963 0.484896 0.650000 0.478125 0.512037 0.470313 0.495370 0.453646 0.483333 0.436979 0.481481 0.421875 0.490741 0.408333 0.512963 0.409896 0.592593 0.411979 0.677778 0.412500 0.741667 0.414062 0.857407
33 0.783854 0.659259 0.794271 0.675000 0.803646 0.689815 0.809896 0.700000 0.819271 0.701852 0.823438 0.705556 0.835417 0.708333 0.845313 0.704630 0.839583 0.666667 0.832292 0.648148 0.818750 0.637037 0.812500 0.629630 0.808854 0.626852 0.801042 0.636111 0.793229 0.643519
23 0.127604 0.609259 0.114583 0.622222 0.109896 0.646296 0.114583 0.678704 0.129688 0.687037 0.144792 0.684259 0.155729 0.671296 0.160938 0.654630 0.156250 0.626852 0.144792 0.610185
24 0.151562 0.484259 0.142708 0.475926 0.136458 0.485185 0.134375 0.493519 0.128646 0.503704 0.125000 0.508333 0.126562 0.514815 0.131771 0.515741 0.140625 0.516667 0.147396 0.512037 0.151042 0.513889 0.142187 0.532407 0.138021 0.539815 0.139063 0.550926 0.151042 0.547222 0.158854 0.535185 0.161458 0.522222 0.164583 0.508333 0.167187 0.501852 0.164583 0.494444 0.160938 0.493519 0.158333 0.488889
23 0.753125 0.808333 0.759896 0.812963 0.770312 0.819444 0.772917 0.837037 0.768229 0.847222 0.756250 0.854630 0.750000 0.864815 0.743750 0.881481 0.738542 0.906481 0.735938 0.937037 0.728125 0.963889 0.710938 0.995370 0.701042 0.999074 0.634375 0.999074 0.650000 0.972222 0.669271 0.962037 0.678646 0.944444 0.691146 0.930556 0.698438 0.912963 0.714583 0.873148 0.719271 0.852778 0.733333 0.827778
31 0.603125 1.000000 0.581771 1.000000 0.586979 0.967593 0.599479 0.932407 0.605729 0.917593 0.621354 0.875926 0.633333 0.837963 0.616667 0.857407 0.607292 0.837037 0.607292 0.807407 0.613542 0.795370 0.623437 0.785185 0.632812 0.766667 0.648958 0.763889 0.663542 0.764815 0.680208 0.774074 0.689063 0.787037 0.691146 0.798148 0.685937 0.813889 0.682292 0.817593 0.683333 0.832407 0.679688 0.845370 0.672396 0.855556 0.668750 0.848148 0.664062 0.840741 0.655729 0.846296 0.659375 0.864815 0.660937 0.888889 0.670833 0.910185 0.679167 0.934259 0.676042 0.949074 0.667708 0.962963 0.649479 0.972222 0.640104 0.979630 0.630729 0.968519 0.625000 0.958333 0.617708 0.958333 0.610417 0.972222 0.606250 0.990741
29 0.930729 0.527778 0.936458 0.519444 0.941667 0.508333 0.948438 0.502778 0.954167 0.508333 0.954688 0.520370 0.952604 0.535185 0.948438 0.544444 0.936458 0.557407 0.919792 0.575000 0.908333 0.575000 0.893750 0.570370 0.877604 0.569444 0.847917 0.561111 0.808333 0.555556 0.773438 0.540741 0.735938 0.525926 0.689583 0.525926 0.667708 0.521296 0.635938 0.512963 0.610417 0.511111 0.578646 0.503704 0.543750 0.506481 0.502604 0.498148 0.471354 0.496296 0.454167 0.484259 0.436979 0.481481 0.422396 0.489815 0.384375 0.481481 0.365104 0.470370 0.344792 0.458333 0.320312 0.436111 0.290625 0.413889 0.264062 0.383333 0.226042 0.356481 0.179688 0.322222 0.153646 0.287037 0.122396 0.273148 0.106250 0.256481 0.092188 0.226852 0.077604 0.186111 0.081250 0.146296 0.103646 0.108333 0.132292 0.068519 0.146354 0.033333 0.160938 0.002778 0.183333 0.003704 0.174479 0.029630 0.164583 0.052778 0.147396 0.094444 0.140104 0.106481 0.132292 0.119444 0.109896 0.155556 0.105208 0.172222 0.097917 0.203704 0.105729 0.225000 0.125521 0.224074 0.143750 0.227778 0.159896 0.241667 0.178125 0.257407 0.194271 0.259259 0.220312 0.275000 0.240104 0.293519 0.260937 0.307407 0.281250 0.333333 0.307292 0.371296 0.319271 0.394444 0.333854 0.414815 0.342708 0.430556 0.360938 0.435185 0.379688 0.437963 0.398438 0.439815 0.421354 0.443519 0.436979 0.446296 0.455208 0.444444 0.470833 0.443519 0.498437 0.438889 0.530208 0.444444 0.563021 0.450926 0.589583 0.452778 0.598958 0.448148 0.625521 0.457407 0.645312 0.467593 0.660937 0.467593 0.676562 0.466667 0.691146 0.470370 0.707292 0.476852 0.722917 0.479630 0.738542 0.483333 0.762500 0.487963 0.786979 0.481481 0.801042 0.488889 0.821875 0.490741 0.838542 0.492593 0.858333 0.500926 0.876042 0.511111 0.898958 0.517593 0.909896 0.522222
23 0.407292 0.159259 0.401042 0.155556 0.395833 0.157407 0.393750 0.162037 0.393229 0.171296 0.392188 0.182407 0.392708 0.189815 0.398438 0.195370 0.404687 0.200000 0.414062 0.201852 0.420833 0.196296 0.426563 0.186111 0.427604 0.174074 0.425521 0.164815 0.420833 0.166667 0.415625 0.169444 0.407292 0.167593
33 0.160938 0.903704 0.173437 0.929630 0.181250 0.935185 0.196354 0.919444 0.195312 0.911111 0.186458 0.897222 0.178646 0.891667 0.166146 0.897222
31 0.746875 0.908333 0.741146 0.923148 0.740104 0.938889 0.744792 0.944444 0.744792 0.959259 0.750521 0.977778 0.756250 0.995370 0.772396 0.996296 0.789062 0.981481 0.807292 0.986111 0.810417 0.969444 0.806250 0.947222 0.809375 0.922222 0.819792 0.919444 0.834375 0.909259 0.847396 0.905556 0.864583 0.906481 0.876042 0.921296 0.887500 0.920370 0.901042 0.908333 0.917188 0.894444 0.919792 0.875926 0.916667 0.852778 0.913021 0.830556 0.917708 0.810185 0.932292 0.808333 0.951562 0.800000 0.967187 0.788889 0.976042 0.781481 0.983854 0.795370 0.984896 0.808333 0.995833 0.825000 0.985938 0.837963 0.995833 0.863889 0.983333 0.890741 0.969792 0.904630 0.954688 0.913889 0.957292 0.921296 0.968750 0.925926 0.982292 0.927778 0.991146 0.920370 0.998437 0.908333 0.998437 0.734259 0.988542 0.704630 0.977083 0.677778 0.964063 0.661111 0.950521 0.666667 0.943229 0.682407 0.931771 0.688889 0.924479 0.697222 0.917188 0.701852 0.910937 0.706481 0.904687 0.706481 0.889062 0.703704 0.879687 0.712037 0.874479 0.724074 0.865104 0.741667 0.855729 0.763889 0.843229 0.779630 0.833333 0.790741 0.834896 0.799074 0.838542 0.803704 0.848958 0.803704 0.855208 0.800000 0.871875 0.802778 0.867708 0.812037 0.855208 0.824074 0.856771 0.832407 0.862500 0.840741 0.876563 0.835185 0.888021 0.824074 0.892708 0.830556 0.896875 0.846296 0.898438 0.865741 0.893750 0.883333 0.881250 0.887963 0.864062 0.873148 0.844792 0.877778 0.820833 0.881481 0.784896 0.892593 0.763542 0.903704
33 0.303125 0.286111 0.298438 0.302778 0.291667 0.323148 0.291667 0.328704 0.303646 0.328704 0.322396 0.330556 0.347396 0.333333 0.376563 0.342593 0.393750 0.348148 0.408333 0.349074 0.410938 0.337037 0.406250 0.330556 0.395833 0.314815 0.382292 0.303704 0.359375 0.291667 0.342708 0.286111
31 0.520833 0.155556 0.517188 0.164815 0.506250 0.178704 0.498437 0.197222 0.495833 0.219444 0.499479 0.236111 0.505208 0.241667 0.509896 0.238889 0.518750 0.247222 0.532813 0.256481 0.544792 0.255556 0.559896 0.250926 0.583854 0.257407 0.594792 0.246296 0.606771 0.240741 0.618750 0.234259 0.629687 0.220370 0.633854 0.201852 0.634375 0.181481 0.637500 0.165741 0.628125 0.137963 0.611458 0.122222 0.599479 0.119444 0.592187 0.125926 0.585938 0.137037 0.579688 0.146296 0.568750 0.152778 0.561979 0.158333 0.553646 0.146296 0.549479 0.134259 0.542708 0.129630 0.529687 0.128704 0.523438 0.137037
25 0.250521 0.300000 0.259375 0.275000 0.277083 0.289815 0.300000 0.293519 0.298438 0.303704 0.292708 0.317593 0.273958 0.324074
31 0.681771 0.133333 0.696354 0.150000 0.703646 0.154630 0.711458 0.170370 0.717187 0.175926 0.732812 0.176852 0.742188 0.166667 0.756250 0.166667 0.770833 0.170370 0.782292 0.170370 0.793750 0.159259 0.799479 0.152778 0.809375 0.149074 0.809896 0.133333 0.801042 0.118519 0.790625 0.107407 0.783854 0.101852 0.773438 0.095370 0.767188 0.096296 0.761458 0.098148 0.753646 0.108333 0.744792 0.101852 0.735417 0.094444 0.727604 0.093519 0.716146 0.100000 0.706250 0.103704 0.698438 0.106481 0.690625 0.112963 0.684375 0.119444
25 0.362500 0.435185 0.380208 0.439815 0.393229 0.439815 0.401042 0.422222 0.411979 0.390741 0.419792 0.357407 0.411458 0.351852 0.396875 0.362037 0.384896 0.377778 0.368750 0.402778 0.362500 0.417593
27 0.253646 0.390741 0.249479 0.392593 0.247917 0.399074 0.250000 0.406481 0.256771 0.417593 0.262500 0.422222 0.270833 0.424074 0.273438 0.437037 0.275521 0.450926 0.268750 0.457407 0.260937 0.455556 0.253646 0.462037 0.247917 0.459259 0.239583 0.452778 0.232292 0.444444 0.229687 0.437037 0.229687 0.424074 0.232292 0.413889 0.238542 0.400000 0.245833 0.389815 0.252083 0.386111 0.256771 0.386111
30 0.408854 0.141667 0.404687 0.146296 0.403646 0.152778 0.405208 0.159259 0.408333 0.167593 0.415625 0.171296 0.422396 0.166667 0.423958 0.159259 0.422396 0.150000 0.417708 0.141667 0.413021 0.140741