23 0.484375 0.568519 0.479167 0.560185 0.475000 0.580556 0.477083 0.600000 0.481250 0.622222 0.488542 0.627778 0.498437 0.637963 0.513542 0.637037 0.526042 0.617593 0.531771 0.601852 0.531250 0.587963 0.533333 0.568519 0.528125 0.588889 0.514583 0.595370 0.503646 0.584259 0.497396 0.559259
31 0.682813 0.603704 0.666667 0.623148 0.655208 0.649074 0.652083 0.697222 0.661458 0.731481 0.673958 0.741667 0.692187 0.736111 0.691146 0.757407 0.694792 0.783333 0.712500 0.794444 0.730208 0.799074 0.747396 0.785185 0.759896 0.797222 0.771875 0.816667 0.785937 0.811111 0.803646 0.788889 0.822396 0.773148 0.848437 0.763889 0.871875 0.746296 0.877083 0.711111 0.876042 0.677778 0.863542 0.662963 0.848958 0.654630 0.852604 0.642593 0.867708 0.637963 0.878125 0.614815 0.873437 0.594444 0.864583 0.568519 0.847396 0.543519 0.838542 0.535185 0.821354 0.540741 0.814063 0.558333 0.805729 0.573148 0.789062 0.584259 0.776563 0.595370 0.768229 0.597222 0.755208 0.588889 0.747396 0.576852 0.735938 0.550000 0.728646 0.535185 0.715104 0.528704 0.705208 0.528704 0.693750 0.545370 0.685417 0.570370
33 0.339583 0.822222 0.316146 0.909259 0.318750 0.915741 0.408333 0.958333 0.442708 0.975000 0.469271 0.985185 0.491146 0.997222 0.522396 0.999074 0.517188 0.905556 0.429167 0.868519
25 0.258333 0.815741 0.260417 0.825926 0.261979 0.828704 0.261979 0.833333 0.260937 0.838889 0.258333 0.844444 0.256250 0.852778 0.257812 0.864815 0.257292 0.871296 0.253646 0.878704 0.253125 0.887963 0.251042 0.895370 0.242188 0.906481 0.248438 0.915741 0.251563 0.927778 0.257292 0.935185 0.258854 0.937037 0.268229 0.930556 0.280729 0.914815 0.299479 0.898148 0.316667 0.886111 0.326042 0.877778 0.335417 0.836111 0.321875 0.837037 0.307812 0.838889 0.284375 0.828704 0.258333 0.814815
29 0.301042 0.997222 0.227083 0.997222 0.220833 0.984259 0.215104 0.963889 0.208333 0.940741 0.201563 0.919444 0.193229 0.891667 0.188021 0.870370 0.181250 0.859259 0.170833 0.840741 0.154688 0.814815 0.145833 0.804630 0.133333 0.784259 0.132292 0.775000 0.127604 0.764815 0.123438 0.758333 0.114583 0.752778 0.108854 0.739815 0.102604 0.732407 0.095833 0.728704 0.095312 0.723148 0.088021 0.712963 0.080208 0.703704 0.072396 0.699074 0.067187 0.692593 0.066146 0.684259 0.052604 0.659259 0.045833 0.647222 0.040104 0.637037 0.036979 0.622222 0.029167 0.600000 0.018750 0.583333 0.013542 0.573148 0.009375 0.563889 0.002083 0.500000 0.001042 0.455556 0.007292 0.417593 0.017188 0.381481 0.030208 0.352778 0.043750 0.324074 0.062500 0.291667 0.091146 0.238889 0.108333 0.200000 0.123958 0.163889 0.148958 0.101852 0.171354 0.052778 0.184375 0.023148 0.195312 0.000000 0.224479 0.000000 0.223438 0.006481 0.216146 0.023148 0.206771 0.041667 0.197396 0.062037 0.186458 0.089815 0.173437 0.119444 0.157292 0.151852 0.152083 0.161111 0.150000 0.175926 0.142187 0.206481 0.131771 0.225926 0.122396 0.242593 0.114583 0.260185 0.107813 0.269444 0.100521 0.299074 0.078646 0.341667 0.055729 0.381481 0.044271 0.400926 0.035417 0.416667 0.026042 0.435185 0.022396 0.460185 0.029687 0.488889 0.031771 0.507407 0.032292 0.517593 0.035937 0.532407 0.039583 0.542593 0.039062 0.562037 0.038542 0.576852 0.040104 0.586111 0.046354 0.595370 0.055729 0.599074 0.058333 0.602778 0.062500 0.603704 0.067187 0.609259 0.070312 0.617593 0.073958 0.624074 0.083333 0.625000 0.089583 0.632407 0.101042 0.646296 0.104688 0.653704 0.119792 0.675926 0.127083 0.694444 0.129688 0.698148 0.131250 0.704630 0.133333 0.709259 0.140104 0.722222 0.144271 0.736111 0.145313 0.750000 0.147917 0.761111 0.152604 0.770370 0.153646 0.778704 0.159375 0.786111 0.170833 0.797222 0.179688 0.810185 0.189583 0.825926 0.191667 0.835185 0.197396 0.841667 0.205729 0.855556 0.214062 0.866667 0.227083 0.882407 0.237500 0.896296 0.243750 0.911111 0.248438 0.917593 0.251563 0.928704 0.259896 0.939815 0.284896 0.976852
31 0.832812 0.208333 0.824479 0.208333 0.815625 0.211111 0.808854 0.214815 0.806771 0.225000 0.808854 0.238889 0.813542 0.244444 0.820833 0.250926 0.827604 0.249074 0.839063 0.248148 0.844792 0.254630 0.849479 0.257407 0.858333 0.260185 0.864583 0.252778 0.867188 0.239815 0.868750 0.229630 0.872396 0.218519 0.860938 0.204630 0.861458 0.197222 0.865625 0.186111 0.869271 0.174074 0.868229 0.166667 0.865104 0.163889 0.861979 0.163889 0.858854 0.166667 0.854688 0.171296 0.853125 0.175000 0.852083 0.182407 0.853125 0.189815 0.852604 0.195370 0.850000 0.195370 0.845313 0.187963 0.841146 0.185185 0.838021 0.185185 0.834896 0.188889 0.833333 0.194444 0.834375 0.199074 0.835417 0.203704
31 0.512500 0.457407 0.508333 0.448148 0.508333 0.441667 0.513542 0.437963 0.520833 0.443519 0.526042 0.452778 0.530208 0.466667 0.536458 0.480556 0.541146 0.500926 0.540625 0.520370 0.533333 0.540741 0.524479 0.549074 0.521875 0.544444 0.513542 0.537037 0.522917 0.525926 0.525521 0.516667 0.526042 0.507407 0.525000 0.498148 0.521354 0.484259 0.517708 0.474074
31 0.361458 0.095370 0.356250 0.086111 0.359375 0.077778 0.367188 0.070370 0.376563 0.063889 0.385417 0.059259 0.393229 0.056481 0.405729 0.046296 0.413021 0.037963 0.427083 0.015741 0.433333 0.009259 0.441146 0.008333 0.448437 0.011111 0.453646 0.018519 0.455208 0.023148 0.457292 0.033333 0.456250 0.046296 0.451562 0.057407 0.445833 0.062037 0.435937 0.068519 0.429167 0.075000 0.420833 0.081481 0.412500 0.088889 0.407292 0.091667 0.400000 0.097222 0.391146 0.100926 0.380208 0.101852 0.373437 0.106481 0.367188 0.111111 0.360417 0.118519 0.355208 0.125000 0.350000 0.131481 0.344271 0.144444 0.343750 0.148148 0.341667 0.166667 0.335938 0.185185 0.332813 0.206481 0.328646 0.232407 0.331250 0.259259 0.335417 0.276852 0.342708 0.286111 0.346875 0.289815 0.356250 0.290741 0.372396 0.295370 0.400521 0.300926 0.410938 0.311111 0.412500 0.319444 0.401562 0.323148 0.391667 0.318519 0.379167 0.317593 0.368750 0.318519 0.360417 0.317593 0.351042 0.312963 0.342708 0.306481 0.338542 0.300000 0.332813 0.285185 0.328125 0.273148 0.325000 0.263889 0.320833 0.248148 0.319792 0.237037 0.320833 0.217593 0.325000 0.201852 0.327604 0.188889 0.332292 0.163889 0.334896 0.149074 0.343229 0.132407 0.352083 0.122222 0.365104 0.103704 0.385937 0.088889 0.401042 0.079630 0.416146 0.067593 0.431250 0.062037 0.445833 0.045370 0.451042 0.035185 0.446875 0.026852 0.441667 0.025000 0.431250 0.033333 0.423438 0.045370 0.413542 0.053704 0.406250 0.059259 0.397396 0.063889 0.388542 0.070370 0.380729 0.077778 0.367188 0.088889
27 0.448958 0.007407 0.456250 0.024074 0.458333 0.040741 0.488021 0.063889 0.502083 0.052778 0.509896 0.041667 0.505729 0.030556 0.464583 0.010185
30 0.164583 0.150000 0.163542 0.155556 0.165104 0.163889 0.170313 0.173148 0.173437 0.175926 0.180729 0.176852 0.186979 0.175000 0.189062 0.172222 0.191667 0.171296 0.189062 0.167593 0.182812 0.162037 0.178646 0.157407 0.178646 0.156481 0.183854 0.154630 0.187500 0.157407 0.192188 0.162037 0.194792 0.163889 0.194271 0.162037 0.191146 0.150926 0.187500 0.144444 0.181250 0.138889 0.179688 0.135185 0.176042 0.135185 0.171875 0.138889 0.169271 0.141667 0.167187 0.144444
31 0.864062 0.150000 0.866146 0.161111 0.868750 0.165741 0.871354 0.171296 0.881250 0.169444 0.885417 0.164815 0.885938 0.157407 0.885938 0.153704 0.895312 0.150926 0.903125 0.149074 0.922396 0.156481 0.930729 0.162963 0.952083 0.176852 0.964583 0.195370 0.981250 0.225926 0.985938 0.236111 0.994792 0.230556 0.995313 0.222222 0.987500 0.192593 0.973958 0.179630 0.957812 0.167593 0.931771 0.150926 0.907292 0.137037 0.889062 0.139815 0.877604 0.140741 0.872917 0.139815 0.868750 0.140741 0.866667 0.143519
30 0.501563 0.578704 0.505729 0.587963 0.514583 0.597222 0.525000 0.593519 0.531250 0.584259 0.532292 0.566667 0.529167 0.550000 0.518229 0.539815 0.507292 0.537037 0.499479 0.548148 0.498437 0.559259