30 0.331250 0.362037 0.342187 0.397222 0.353646 0.431481 0.359896 0.465741 0.369792 0.480556 0.383854 0.477778 0.402083 0.468519 0.408333 0.442593 0.408333 0.408333 0.408333 0.375926 0.403646 0.359259 0.395833 0.330556 0.391146 0.303704 0.388542 0.272222 0.384896 0.253704 0.372396 0.241667 0.360417 0.226852 0.355208 0.233333 0.344792 0.237037 0.337500 0.248148 0.329688 0.268519 0.330208 0.298148 0.329688 0.323148 0.328646 0.348148
23 0.498958 0.739815 0.501563 0.739815 0.503646 0.744444 0.503646 0.748148 0.502083 0.756481 0.500000 0.765741 0.502083 0.770370 0.505729 0.770370 0.511458 0.764815 0.516146 0.752778 0.518750 0.744444 0.525000 0.737963 0.533333 0.735185 0.538021 0.735185 0.543229 0.735185 0.548438 0.741667 0.548438 0.747222 0.548438 0.757407 0.550521 0.761111 0.559896 0.762037 0.565625 0.759259 0.571354 0.748148 0.572917 0.735185 0.570312 0.722222 0.564583 0.709259 0.555208 0.700926 0.544792 0.695370 0.528646 0.695370 0.520833 0.699074 0.508854 0.708333 0.503125 0.713889 0.500000 0.728704
23 0.430208 0.671296 0.425000 0.678704 0.422917 0.687037 0.422396 0.698148 0.425000 0.706481 0.429167 0.712963 0.436458 0.713889 0.442188 0.706481 0.445312 0.697222 0.445833 0.684259 0.442188 0.671296 0.435937 0.669444
23 0.429688 0.623148 0.427083 0.627778 0.424479 0.635185 0.424479 0.641667 0.426563 0.648148 0.430729 0.652778 0.435417 0.653704 0.439063 0.649074 0.441146 0.642593 0.441146 0.635185 0.438021 0.625926 0.434375 0.624074
23 0.324479 0.631481 0.319271 0.636111 0.317188 0.645370 0.317188 0.654630 0.320833 0.661111 0.323958 0.662037 0.327604 0.654630 0.334896 0.649074 0.335417 0.641667 0.332813 0.633333 0.329688 0.633333
29 0.139583 0.465741 0.143750 0.452778 0.145833 0.440741 0.148958 0.439815 0.152604 0.437037 0.156250 0.439815 0.157812 0.450926 0.157292 0.462037 0.156250 0.477778 0.150000 0.495370 0.145833 0.514815 0.143229 0.536111 0.141146 0.557407 0.136458 0.596296 0.134375 0.620370 0.130729 0.633333 0.127083 0.655556 0.126042 0.679630 0.123438 0.708333 0.120313 0.729630 0.117708 0.746296 0.117188 0.763889 0.116146 0.777778 0.117188 0.808333 0.115104 0.823148 0.112500 0.839815 0.108333 0.867593 0.105208 0.887037 0.105208 0.908333 0.102083 0.930556 0.102083 0.941667 0.103646 0.958333 0.100521 0.987037 0.098437 0.999074 0.066667 0.998148 0.068750 0.970370 0.067708 0.950926 0.070312 0.926852 0.072396 0.901852 0.072396 0.868519 0.079687 0.836111 0.078646 0.817593 0.087500 0.775000 0.095312 0.748148 0.102083 0.720370 0.105208 0.688889 0.109375 0.652778 0.112500 0.629630 0.117708 0.610185 0.122917 0.589815 0.125521 0.562963 0.129688 0.537037 0.132812 0.512963
23 0.254688 0.533333 0.250521 0.543519 0.250521 0.562963 0.257812 0.573148 0.268750 0.575000 0.275000 0.556481 0.267188 0.545370 0.263542 0.528704
27 0.253125 0.519444 0.264583 0.528704 0.275000 0.549074 0.285417 0.539815 0.288542 0.531481 0.295833 0.524074 0.301563 0.519444 0.309896 0.508333 0.317188 0.503704 0.321875 0.492593 0.322917 0.481481 0.328646 0.473148 0.336458 0.472222 0.338542 0.465741 0.335938 0.462037 0.335938 0.457407 0.343229 0.450926 0.350000 0.446296 0.353646 0.432407 0.330729 0.362037 0.317188 0.373148 0.302083 0.400000 0.275521 0.454630 0.259375 0.498148
27 0.639062 0.790741 0.629167 0.798148 0.621875 0.811111 0.613542 0.827778 0.613542 0.847222 0.616146 0.871296 0.619792 0.888889 0.622917 0.906481 0.631250 0.900926 0.633854 0.903704 0.639583 0.911111 0.642708 0.914815 0.641146 0.923148 0.635417 0.930556 0.639583 0.941667 0.649479 0.950926 0.660937 0.947222 0.670833 0.937037 0.678125 0.929630 0.683333 0.917593 0.684375 0.897222 0.683333 0.863889 0.676562 0.837963 0.666667 0.811111 0.658854 0.808333 0.651042 0.805556 0.647396 0.800000 0.644792 0.803704
23 0.638542 0.790741 0.636458 0.784259 0.643750 0.775000 0.652604 0.775000 0.661458 0.777778 0.668229 0.792593 0.664583 0.808333 0.652083 0.805556 0.648438 0.799074 0.644792 0.804630
24 0.627604 0.701852 0.626042 0.706481 0.626042 0.711111 0.625521 0.718519 0.623958 0.725926 0.622396 0.756481 0.625521 0.763889 0.627604 0.768519 0.631771 0.773148 0.634896 0.778704 0.636458 0.778704 0.640104 0.774074 0.641667 0.767593 0.645833 0.762037 0.649479 0.762037 0.656250 0.763889 0.661979 0.760185 0.666146 0.760185 0.669271 0.756481 0.670833 0.745370 0.669271 0.737037 0.665104 0.736111 0.659375 0.734259 0.655208 0.724074 0.650000 0.724074 0.647917 0.715741 0.640625 0.704630 0.633333 0.702778
33 0.153646 0.250926 0.162500 0.217593 0.171875 0.196296 0.183333 0.187963 0.195312 0.201852 0.228646 0.217593 0.264062 0.244444 0.267708 0.262037 0.250000 0.310185 0.227083 0.328704 0.214062 0.341667 0.200521 0.344444 0.173437 0.317593 0.151562 0.293519
30 0.220312 0.763889 0.206250 0.775926 0.207292 0.760185 0.220833 0.734259 0.233333 0.726852 0.240104 0.739815 0.246354 0.750926 0.240104 0.769444 0.228646 0.787037 0.211979 0.792593 0.208333 0.787037
23 0.133333 0.666667 0.142708 0.672222 0.152083 0.653704 0.147396 0.635185 0.134896 0.637037 0.128646 0.641667 0.127083 0.659259
27 0.186458 0.552778 0.148958 0.568519 0.140104 0.575000 0.132292 0.625926 0.151042 0.637963 0.179688 0.641667 0.203646 0.628704 0.209896 0.601852 0.233333 0.589815 0.252604 0.586111 0.253646 0.555556 0.260417 0.529630 0.253646 0.517593
31 0.152083 0.381481 0.129688 0.386111 0.109896 0.396296 0.097396 0.413889 0.094271 0.445370 0.102604 0.447222 0.106250 0.459259 0.119792 0.450926 0.135937 0.450926 0.147917 0.440741 0.163542 0.430556 0.178646 0.417593 0.185417 0.392593 0.183333 0.375000 0.173958 0.369444
23 0.078646 0.575926 0.069792 0.573148 0.064583 0.550000 0.071875 0.534259 0.081250 0.528704 0.086979 0.538889 0.087500 0.555556
23 0.026042 0.799074 0.020833 0.800926 0.016146 0.797222 0.013542 0.785185 0.017188 0.775926 0.026042 0.770370 0.034375 0.775926 0.042188 0.786111 0.051042 0.800926 0.053125 0.819444 0.046875 0.837037 0.035937 0.850926 0.027604 0.853704 0.019271 0.850000 0.014583 0.839815 0.017188 0.826852 0.025000 0.824074 0.032813 0.824074 0.034375 0.813889 0.033333 0.803704 0.030729 0.800000