23 0.496354 0.373148 0.502604 0.375000 0.509375 0.386111 0.510938 0.399074 0.509896 0.413889 0.504687 0.420370 0.500000 0.423148 0.493750 0.418519 0.488542 0.408333 0.487500 0.395370 0.488021 0.384259 0.490104 0.377778
23 0.609375 0.476852 0.607292 0.477778 0.605208 0.480556 0.602604 0.487963 0.601042 0.492593 0.596875 0.492593 0.591667 0.486111 0.590625 0.475000 0.592187 0.464815 0.595833 0.456481 0.602083 0.453704 0.606771 0.454630 0.610938 0.459259 0.613542 0.466667 0.611979 0.473148
23 0.729688 0.474074 0.724479 0.474074 0.720833 0.471296 0.717187 0.469444 0.714583 0.463889 0.712500 0.455556 0.713542 0.446296 0.717187 0.437963 0.721354 0.437037 0.726042 0.437963 0.731250 0.440741 0.733854 0.447222 0.735417 0.455556 0.734896 0.465741 0.732292 0.470370
23 0.728646 0.488889 0.723437 0.494444 0.721354 0.504630 0.722396 0.517593 0.726562 0.526852 0.733333 0.534259 0.741146 0.530556 0.745833 0.523148 0.748437 0.512963 0.747396 0.501852 0.743750 0.492593 0.736979 0.488889 0.731771 0.486111
30 0.646875 0.277778 0.646354 0.300000 0.639062 0.316667 0.628646 0.324074 0.614062 0.328704 0.597917 0.330556 0.594792 0.297222 0.589583 0.244444 0.583333 0.191667 0.580729 0.137037 0.580729 0.114815 0.582292 0.102778 0.584375 0.079630 0.590625 0.055556 0.601042 0.043519 0.611458 0.040741 0.622917 0.046296 0.632292 0.057407 0.638542 0.073148 0.640625 0.090741 0.640104 0.116667 0.637500 0.142593 0.637500 0.170370 0.641146 0.193519 0.645312 0.218519 0.643750 0.238889 0.642708 0.255556 0.643750 0.266667
23 0.353646 0.491667 0.352083 0.496296 0.350521 0.507407 0.352083 0.516667 0.358333 0.516667 0.362500 0.518519 0.367188 0.517593 0.368750 0.512963 0.372917 0.508333 0.376563 0.506481 0.376042 0.500000 0.372917 0.495370 0.372396 0.490741 0.365104 0.491667 0.360417 0.493519 0.357292 0.491667
23 0.075000 0.608333 0.071354 0.619444 0.070833 0.635185 0.075521 0.646296 0.082292 0.643519 0.090104 0.641667 0.097396 0.637037 0.100521 0.627778 0.100000 0.614815 0.095833 0.604630 0.090104 0.600000 0.083854 0.600000
23 0.267188 0.858333 0.265625 0.864815 0.264583 0.875000 0.264583 0.886111 0.270313 0.895370 0.278646 0.895370 0.286458 0.884259 0.287500 0.870370 0.284896 0.857407 0.275000 0.852778
23 0.778125 0.550926 0.782813 0.554630 0.788021 0.559259 0.791146 0.564815 0.793229 0.572222 0.795312 0.581481 0.793229 0.593519 0.792708 0.601852 0.791146 0.608333 0.796354 0.610185 0.800000 0.611111 0.803125 0.614815 0.806250 0.610185 0.803646 0.598148 0.801042 0.588889 0.803125 0.584259 0.809896 0.573148 0.816667 0.573148 0.827083 0.573148 0.832292 0.577778 0.833333 0.583333 0.833333 0.590741 0.835938 0.599074 0.840625 0.601852 0.851042 0.598148 0.858333 0.588889 0.860938 0.575000 0.855208 0.553704 0.845313 0.538889 0.838021 0.528704 0.824479 0.523148 0.810417 0.526852 0.795833 0.533333 0.783333 0.541667
23 0.939583 0.614815 0.941146 0.619444 0.942187 0.625000 0.943229 0.626852 0.945833 0.625926 0.948438 0.626852 0.950521 0.629630 0.952083 0.633333 0.955208 0.634259 0.958854 0.630556 0.960417 0.622222 0.958333 0.611111 0.954688 0.598148 0.947917 0.592593 0.939063 0.595370 0.932813 0.604630 0.930729 0.614815 0.931250 0.620370 0.938542 0.612037
27 0.938542 0.614815 0.929688 0.625926 0.922396 0.634259 0.917188 0.652778 0.916146 0.672222 0.917708 0.695370 0.918229 0.707407 0.926042 0.728704 0.936458 0.751852 0.950521 0.768519 0.961979 0.773148 0.977083 0.765741 0.982292 0.755556 0.987500 0.743519 0.989062 0.730556 0.987500 0.715741 0.982292 0.705556 0.978646 0.697222 0.976562 0.675000 0.972396 0.646296 0.963542 0.632407 0.959896 0.630556 0.954688 0.634259 0.952604 0.633333 0.950000 0.629630 0.945833 0.625000 0.942187 0.625926 0.941146 0.618519
23 0.211458 0.380556 0.209375 0.388889 0.210417 0.400926 0.214062 0.406481 0.216667 0.409259 0.217708 0.406481 0.218750 0.403704 0.220312 0.400000 0.223438 0.400000 0.225000 0.400000 0.227083 0.395370 0.229167 0.390741 0.229687 0.383333 0.228125 0.375000 0.222396 0.370370 0.218229 0.370370 0.212500 0.375926
29 0.351042 0.301852 0.354687 0.290741 0.358333 0.286111 0.365104 0.290741 0.366146 0.301852 0.366146 0.318519 0.361458 0.337963 0.358333 0.353704 0.358333 0.381481 0.355208 0.392593 0.356250 0.411111 0.355208 0.433333 0.352083 0.448148 0.353125 0.466667 0.350000 0.483333 0.347396 0.499074 0.347917 0.522222 0.346354 0.550926 0.343229 0.580556 0.342187 0.602778 0.341667 0.631481 0.345833 0.653704 0.345833 0.670370 0.342187 0.703704 0.339583 0.734259 0.338021 0.757407 0.336458 0.775000 0.335417 0.800926 0.330729 0.807407 0.330729 0.818519 0.328646 0.837037 0.326042 0.852778 0.321875 0.867593 0.316667 0.875926 0.314583 0.888889 0.312500 0.916667 0.308333 0.933333 0.305208 0.955556 0.301042 0.975000 0.298438 0.997222 0.278125 0.998148 0.279167 0.984259 0.284896 0.955556 0.289583 0.925926 0.292708 0.898148 0.295833 0.870370 0.295833 0.842593 0.300000 0.791667 0.301563 0.741667 0.304167 0.713889 0.305208 0.696296 0.306250 0.687963 0.306771 0.666667 0.315625 0.627778 0.319792 0.591667 0.323958 0.566667 0.325000 0.523148 0.328646 0.490741 0.330208 0.475926 0.333333 0.458333 0.337500 0.429630 0.336458 0.405556 0.338021 0.375000 0.338542 0.358333 0.342708 0.339815
24 0.920833 0.601852 0.920312 0.591667 0.920833 0.586111 0.922917 0.586111 0.928646 0.586111 0.934375 0.586111 0.936979 0.581481 0.935937 0.564815 0.928125 0.557407 0.925521 0.550926 0.920312 0.544444 0.913021 0.539815 0.908333 0.539815 0.905208 0.548148 0.904687 0.555556 0.906771 0.563889 0.908854 0.569444 0.907292 0.577778 0.902604 0.595370 0.906250 0.606481 0.911979 0.606481
30 0.453646 0.622222 0.459375 0.608333 0.465625 0.599074 0.470833 0.587037 0.477083 0.581481 0.485938 0.581481 0.492708 0.592593 0.494792 0.609259 0.489063 0.626852 0.482292 0.637037 0.468750 0.643519 0.461979 0.646296 0.456771 0.643519 0.454688 0.637037 0.456250 0.629630
27 0.592187 0.282407 0.588542 0.292593 0.575521 0.300000 0.569792 0.304630 0.570312 0.312963 0.573958 0.315741 0.570833 0.322222 0.562500 0.319444 0.557813 0.328704 0.556250 0.337037 0.557292 0.345370 0.545312 0.354630 0.542188 0.363889 0.532292 0.369444 0.529687 0.375926 0.524479 0.377778 0.517188 0.388889 0.512500 0.395370 0.507812 0.386111 0.502083 0.377778 0.495833 0.373148 0.484896 0.362963 0.493229 0.334259 0.506250 0.289815 0.525000 0.256481 0.541146 0.228704 0.553125 0.212963 0.560937 0.212037 0.565625 0.212037 0.577083 0.211111 0.584375 0.206481
23 0.277083 0.391667 0.275000 0.400000 0.276562 0.408333 0.278646 0.416667 0.282813 0.419444 0.284896 0.414815 0.284896 0.409259 0.285938 0.404630 0.286979 0.401852 0.290104 0.401852 0.292708 0.400000 0.293750 0.392593 0.290625 0.385185 0.286458 0.383333 0.279687 0.387037
27 0.356250 0.425000 0.367188 0.423148 0.382812 0.412963 0.396875 0.407407 0.414062 0.402778 0.445833 0.388889 0.464062 0.377778 0.486979 0.367593 0.492188 0.375000 0.489063 0.381481 0.487500 0.390741 0.489063 0.409259 0.495833 0.422222 0.484375 0.430556 0.478646 0.429630 0.475000 0.420370 0.468750 0.422222 0.459896 0.412963 0.452083 0.416667 0.448437 0.425926 0.440104 0.435185 0.436458 0.446296 0.430208 0.454630 0.432292 0.466667 0.430729 0.479630 0.417187 0.487963 0.401042 0.489815 0.385417 0.491667 0.372396 0.488889 0.350000 0.488889 0.352604 0.469444 0.352083 0.451852 0.355729 0.433333
31 0.358854 0.287037 0.354167 0.291667 0.348958 0.303704 0.338542 0.303704 0.330208 0.297222 0.319792 0.297222 0.311979 0.304630 0.306771 0.273148 0.311979 0.259259 0.321354 0.246296 0.331250 0.240741 0.339062 0.233333 0.348438 0.236111 0.355729 0.235185 0.365625 0.227778 0.376042 0.232407 0.383333 0.241667 0.384896 0.252778 0.382292 0.266667 0.380208 0.272222 0.379167 0.277778 0.376563 0.285185 0.370833 0.289815 0.367188 0.290741
33 0.471875 0.103704 0.462500 0.150926 0.449479 0.166667 0.428125 0.188889 0.414583 0.200000 0.388021 0.188889 0.356250 0.162963 0.345313 0.133333 0.350521 0.095370 0.359896 0.050000 0.368750 0.034259 0.377083 0.036111 0.381250 0.035185 0.385417 0.035185 0.394271 0.051852 0.407292 0.059259 0.414583 0.062037 0.444792 0.077778 0.459896 0.086111 0.463542 0.092593 0.470313 0.098148
23 0.225000 0.675926 0.217708 0.678704 0.209896 0.673148 0.206250 0.663889 0.207292 0.650000 0.218229 0.643519 0.229687 0.641667 0.239063 0.646296 0.252083 0.659259 0.259375 0.678704 0.257812 0.711111 0.245833 0.726852 0.231771 0.728704 0.221354 0.731481 0.218229 0.725000 0.220833 0.711111 0.234896 0.703704 0.237500 0.685185 0.231250 0.675926
23 0.128646 0.342593 0.121875 0.344444 0.117708 0.333333 0.116146 0.312963 0.121875 0.296296 0.134896 0.289815 0.143229 0.295370 0.147396 0.314815 0.140625 0.325926 0.132292 0.325000