23 0.792188 0.414815 0.798438 0.418519 0.804167 0.429630 0.802083 0.448148 0.794792 0.456481 0.785417 0.453704 0.779167 0.442593 0.778125 0.427778 0.783854 0.416667
23 0.768750 0.381481 0.769792 0.389815 0.772917 0.396296 0.778125 0.401852 0.785937 0.399074 0.788542 0.389815 0.788542 0.377778 0.784896 0.370370 0.777083 0.370370 0.771875 0.373148
23 0.675000 0.403704 0.673958 0.408333 0.672396 0.414815 0.669271 0.417593 0.667188 0.420370 0.666146 0.425926 0.664583 0.429630 0.660937 0.430556 0.655729 0.429630 0.653646 0.421296 0.653125 0.412963 0.654687 0.403704 0.657813 0.397222 0.662500 0.392593 0.667188 0.391667 0.671875 0.395370
23 0.544792 0.330556 0.541146 0.339815 0.541146 0.347222 0.542188 0.362037 0.545833 0.374074 0.551562 0.377778 0.558333 0.374074 0.561458 0.365741 0.563542 0.352778 0.561979 0.340741 0.559896 0.335185 0.553646 0.328704
30 0.678646 0.204630 0.675521 0.217593 0.668750 0.233333 0.668750 0.249074 0.664062 0.273148 0.645312 0.277778 0.634375 0.274074 0.629687 0.262037 0.629687 0.220370 0.627604 0.189815 0.624479 0.142593 0.625000 0.079630 0.628646 0.039815 0.637500 0.019444 0.647917 0.012963 0.654687 0.011111 0.657292 0.016667 0.664583 0.017593 0.664583 0.024074 0.666667 0.028704 0.671354 0.025926 0.675000 0.034259 0.677083 0.069444 0.675000 0.100926 0.673438 0.120370 0.672917 0.148148 0.675000 0.162037 0.675521 0.176852 0.676042 0.188889
23 0.417187 0.445370 0.415625 0.454630 0.416146 0.461111 0.417187 0.471296 0.421354 0.474074 0.423438 0.473148 0.426042 0.473148 0.430729 0.475000 0.437500 0.473148 0.437500 0.468519 0.440104 0.462963 0.440104 0.456481 0.438021 0.450926 0.432812 0.445370 0.424479 0.444444
29 0.396875 0.266667 0.397917 0.260185 0.401042 0.254630 0.403646 0.255556 0.406771 0.262037 0.409896 0.267593 0.412500 0.275000 0.413021 0.281481 0.414062 0.287037 0.413021 0.292593 0.413542 0.304630 0.410938 0.314815 0.412500 0.332407 0.413021 0.342593 0.411458 0.350926 0.414583 0.368519 0.415104 0.385185 0.413542 0.403704 0.416146 0.419444 0.416667 0.435185 0.414583 0.452778 0.416667 0.464815 0.417187 0.475000 0.418750 0.491667 0.419271 0.517593 0.419271 0.528704 0.419792 0.546296 0.422396 0.564815 0.421875 0.578704 0.427083 0.590741 0.432292 0.615741 0.432292 0.637963 0.433333 0.655556 0.432292 0.676852 0.430729 0.700000 0.433333 0.718519 0.434896 0.733333 0.433333 0.751852 0.433333 0.780556 0.429688 0.801852 0.425521 0.809259 0.425521 0.833333 0.423958 0.857407 0.421875 0.867593 0.421875 0.892593 0.418750 0.908333 0.418229 0.933333 0.410938 0.957407 0.410417 0.973148 0.409375 0.999074 0.388542 0.999074 0.389583 0.989815 0.393750 0.972222 0.395313 0.959259 0.395313 0.948148 0.397396 0.935185 0.400521 0.917593 0.402083 0.906481 0.401042 0.882407 0.402083 0.853704 0.406250 0.825926 0.406250 0.807407 0.408333 0.800000 0.404687 0.766667 0.403646 0.737037 0.402604 0.699074 0.402083 0.679630 0.400521 0.670370 0.401042 0.654630 0.397396 0.637037 0.395833 0.617593 0.398958 0.588889 0.399479 0.568519 0.396875 0.552778 0.395833 0.520370 0.396875 0.488889 0.393750 0.474074 0.393229 0.450000 0.394792 0.427778 0.395833 0.386111 0.393750 0.357407 0.390625 0.340741 0.386979 0.329630 0.391146 0.299074 0.392708 0.281481
23 0.375521 0.799074 0.370312 0.812963 0.373958 0.835185 0.381771 0.839815 0.390104 0.836111 0.395313 0.828704 0.396875 0.817593 0.395833 0.806481 0.392188 0.797222 0.384896 0.794444
23 0.279167 0.627778 0.283333 0.616667 0.290104 0.610185 0.301042 0.606481 0.314583 0.609259 0.314583 0.618519 0.316667 0.622222 0.319792 0.620370 0.323958 0.617593 0.328646 0.624074 0.333333 0.634259 0.337500 0.647222 0.338021 0.662037 0.334896 0.670370 0.331771 0.676852 0.330208 0.679630 0.317188 0.684259 0.314063 0.688889 0.308333 0.688889 0.303646 0.688889 0.303125 0.682407 0.305208 0.674074 0.310937 0.668519 0.314583 0.662037 0.317708 0.655556 0.316146 0.648148 0.312500 0.641667 0.308333 0.639815 0.301563 0.638889 0.292187 0.639815 0.285938 0.643519 0.281250 0.641667 0.279167 0.635185
23 0.136458 0.586111 0.133333 0.595370 0.132292 0.608333 0.135417 0.620370 0.139063 0.626852 0.143750 0.627778 0.148438 0.625000 0.153125 0.622222 0.159896 0.619444 0.165625 0.612963 0.164583 0.600000 0.161979 0.588889 0.156250 0.584259 0.148958 0.581481 0.140625 0.582407
23 0.871875 0.493519 0.876042 0.504630 0.878646 0.514815 0.885938 0.516667 0.892188 0.515741 0.896875 0.506481 0.897917 0.495370 0.894792 0.478704 0.889583 0.466667 0.879687 0.457407 0.869792 0.450926 0.856771 0.448148 0.850000 0.450000 0.843229 0.450926 0.834896 0.460185 0.831250 0.470370 0.832812 0.473148 0.838542 0.481481 0.842187 0.490741 0.843229 0.497222 0.843750 0.512037 0.846875 0.523148 0.850000 0.528704 0.855729 0.532407 0.859896 0.527778 0.861458 0.522222 0.858333 0.513889 0.857812 0.504630 0.859375 0.498148 0.863021 0.493519 0.868750 0.492593
30 0.559896 0.528704 0.553646 0.522222 0.545833 0.525926 0.537500 0.537963 0.531250 0.555556 0.530729 0.568519 0.534896 0.583333 0.541667 0.584259 0.549479 0.577778 0.558854 0.569444 0.564063 0.555556 0.563542 0.544444
23 0.264062 0.352778 0.261979 0.359259 0.260937 0.367593 0.263542 0.379630 0.267188 0.387037 0.271354 0.384259 0.274479 0.375000 0.277083 0.373148 0.280729 0.370370 0.282813 0.357407 0.279687 0.350000 0.275000 0.345370 0.267188 0.347222
23 0.967187 0.518519 0.972396 0.517593 0.974479 0.523148 0.976042 0.526852 0.981250 0.532407 0.989062 0.534259 0.991146 0.525926 0.991146 0.512963 0.985938 0.503704 0.978646 0.497222 0.971354 0.498148 0.966146 0.506481 0.964063 0.517593
27 0.971354 0.519444 0.964063 0.525926 0.958333 0.539815 0.955208 0.552778 0.955208 0.575000 0.958333 0.599074 0.963021 0.618519 0.972396 0.632407 0.980729 0.646296 0.986979 0.653704 0.997396 0.663889 0.998437 0.519444 0.993229 0.517593 0.992188 0.522222 0.989583 0.533333 0.979688 0.533333 0.976042 0.526852 0.973958 0.522222
24 0.967187 0.500926 0.968750 0.485185 0.965104 0.475000 0.954688 0.460185 0.944271 0.450926 0.934896 0.450000 0.932813 0.459259 0.931771 0.475000 0.929167 0.486111 0.932292 0.500926 0.941146 0.511111 0.950521 0.514815 0.956771 0.512963 0.965104 0.507407
23 0.337500 0.359259 0.334375 0.371296 0.335938 0.378704 0.338542 0.384259 0.343750 0.386111 0.345833 0.380556 0.345833 0.374074 0.347396 0.368519 0.350521 0.367593 0.351042 0.364815 0.350521 0.355556 0.346354 0.352778 0.341146 0.355556
27 0.529167 0.314815 0.541146 0.280556 0.547396 0.254630 0.559375 0.226852 0.568750 0.201852 0.581250 0.184259 0.592187 0.177778 0.600000 0.183333 0.605729 0.186111 0.621354 0.190741 0.627604 0.209259 0.629687 0.228704 0.627604 0.242593 0.618229 0.259259 0.607812 0.263889 0.610938 0.269444 0.612500 0.276852 0.603646 0.280556 0.601042 0.277778 0.598437 0.288889 0.599479 0.300000 0.593750 0.308333 0.588542 0.313889 0.583854 0.322222 0.579688 0.327778 0.563021 0.350000 0.559375 0.337963 0.552604 0.329630 0.543229 0.330556 0.532813 0.319444
27 0.534375 0.324074 0.543229 0.331481 0.539583 0.340741 0.542188 0.363889 0.545312 0.378704 0.540625 0.382407 0.532292 0.373148 0.526563 0.375000 0.519792 0.375926 0.512500 0.374074 0.504687 0.384259 0.498437 0.389815 0.498958 0.396296 0.491146 0.410185 0.494271 0.431481 0.488542 0.439815 0.469792 0.441667 0.451042 0.445370 0.433333 0.440741 0.415625 0.439815 0.416146 0.419444 0.413542 0.405556 0.414583 0.385185 0.425521 0.380556 0.436458 0.373148 0.458333 0.363889 0.479687 0.355556 0.505729 0.340741 0.525000 0.330556
27 0.657292 0.914815 0.653125 0.940741 0.663542 0.959259 0.672396 0.954630 0.683333 0.956481 0.688021 0.960185 0.691146 0.970370 0.694792 0.966667 0.700000 0.964815 0.710938 0.976852 0.708333 0.981481 0.702604 0.990741 0.698438 0.997222 0.750521 0.996296 0.736458 0.981481 0.720833 0.963889 0.702604 0.946296 0.681771 0.930556
31 0.412500 0.202778 0.420312 0.205556 0.425521 0.214815 0.425000 0.227778 0.419271 0.250000 0.410938 0.262037 0.403646 0.256481 0.401042 0.254630 0.398438 0.259259 0.396354 0.268519 0.392188 0.273148 0.376563 0.273148 0.366146 0.268519 0.358854 0.276852 0.344271 0.274074 0.342187 0.257407 0.349479 0.235185 0.361979 0.217593 0.376042 0.211111 0.384375 0.203704 0.389583 0.208333 0.395833 0.206481 0.401042 0.202778 0.408333 0.203704
33 0.485938 0.062963 0.495312 0.070370 0.498958 0.077778 0.498437 0.088889 0.494792 0.092593 0.490625 0.129630 0.476042 0.141667 0.456771 0.165741 0.439583 0.174074 0.413542 0.159259 0.386979 0.135185 0.374479 0.106481 0.382812 0.059259 0.392188 0.025000 0.404167 0.016667 0.412500 0.013889 0.417708 0.022222 0.427083 0.035185 0.442188 0.039815 0.462500 0.050926
23 0.177083 0.325926 0.164062 0.328704 0.160417 0.311111 0.161458 0.286111 0.169792 0.275000 0.179688 0.271296 0.189583 0.279630 0.191146 0.299074 0.180729 0.305556