30 0.732292 0.304630 0.708333 0.323148 0.698438 0.328704 0.689583 0.303704 0.691146 0.270370 0.692708 0.242593 0.694792 0.200000 0.703646 0.126852 0.714583 0.062963 0.721354 0.043519 0.725521 0.040741 0.732292 0.037037 0.735417 0.042593 0.735417 0.058333 0.734896 0.067593 0.738542 0.059259 0.740625 0.048148 0.746875 0.043519 0.750000 0.048148 0.755208 0.052778 0.755729 0.065741 0.754167 0.090741 0.751563 0.121296 0.751563 0.143519 0.750000 0.164815 0.744271 0.190741 0.743750 0.215741 0.739583 0.237963 0.736979 0.257407 0.735938 0.278704 0.735417 0.298148
23 0.695833 0.189815 0.694271 0.201852 0.693750 0.228704 0.689063 0.230556 0.684896 0.225000 0.681250 0.214815 0.680729 0.201852 0.683333 0.192593 0.688542 0.187963 0.693750 0.187037
23 0.629687 0.425000 0.626563 0.437963 0.628125 0.450926 0.631771 0.462037 0.637500 0.467593 0.645833 0.466667 0.651563 0.459259 0.652604 0.446296 0.648438 0.433333 0.642188 0.422222 0.635417 0.419444
23 0.293750 0.517593 0.292708 0.535185 0.295833 0.550000 0.298958 0.559259 0.305729 0.562963 0.313021 0.562037 0.317708 0.556481 0.320833 0.545370 0.326042 0.542593 0.325000 0.528704 0.318750 0.511111 0.309896 0.506481 0.300000 0.506481
23 0.423438 0.516667 0.425000 0.524074 0.417187 0.525926 0.417187 0.530556 0.418750 0.536111 0.416146 0.544444 0.411979 0.550000 0.402083 0.544444 0.398438 0.535185 0.396875 0.524074 0.398438 0.515741 0.402083 0.508333 0.405729 0.503704 0.413542 0.500926 0.422396 0.507407 0.423958 0.512963
31 0.428646 0.281481 0.439063 0.279630 0.445833 0.287963 0.449479 0.306481 0.451562 0.325926 0.448958 0.341667 0.438542 0.352778 0.434375 0.359259 0.433333 0.379630 0.416146 0.377778 0.404687 0.384259 0.400000 0.376852 0.390104 0.373148 0.384896 0.372222 0.381250 0.390741 0.379688 0.396296 0.367708 0.385185 0.361458 0.379630 0.356250 0.385185 0.346875 0.381481 0.345833 0.352778 0.340104 0.314815 0.332292 0.287963 0.335417 0.253704 0.332292 0.234259 0.338542 0.235185 0.349479 0.244444 0.363021 0.256481 0.374479 0.277778 0.383333 0.279630 0.387500 0.287963 0.394792 0.288889 0.404167 0.286111 0.410938 0.283333
29 0.439583 0.352778 0.463542 0.383333 0.468750 0.410185 0.471354 0.432407 0.478646 0.458333 0.486979 0.488889 0.496875 0.516667 0.500000 0.539815 0.510938 0.570370 0.516146 0.600000 0.519792 0.619444 0.525000 0.639815 0.532292 0.668519 0.541146 0.700000 0.544792 0.717593 0.555208 0.745370 0.563542 0.778704 0.576042 0.799074 0.585938 0.819444 0.593229 0.845370 0.595833 0.862963 0.604167 0.884259 0.607812 0.906481 0.613542 0.925926 0.618750 0.944444 0.622396 0.959259 0.629687 0.999074 0.601042 0.999074 0.600000 0.986111 0.596354 0.973148 0.591146 0.940741 0.582292 0.908333 0.568750 0.885185 0.558854 0.862963 0.553646 0.831481 0.551562 0.810185 0.530208 0.757407 0.525521 0.736111 0.516667 0.712963 0.513021 0.700000 0.503646 0.660185 0.491146 0.627778 0.486979 0.611111 0.479167 0.575926 0.473438 0.544444 0.467187 0.516667 0.460938 0.503704 0.453646 0.479630 0.444271 0.451852 0.440104 0.435185 0.439583 0.422222 0.434896 0.352778
30 0.659896 0.717593 0.658333 0.727778 0.661458 0.728704 0.666667 0.722222 0.668750 0.724074 0.672917 0.733333 0.675000 0.746296 0.680208 0.750000 0.684375 0.747222 0.684375 0.740741 0.688542 0.735185 0.701042 0.714815 0.708333 0.690741 0.706250 0.678704 0.701042 0.673148 0.696354 0.664815 0.688021 0.665741 0.681250 0.671296 0.676562 0.698148 0.671354 0.711111 0.664062 0.711111
23 0.188542 0.862037 0.183333 0.871296 0.182292 0.893519 0.185417 0.912963 0.191146 0.919444 0.203646 0.921296 0.215625 0.910185 0.223438 0.890741 0.221875 0.867593 0.213021 0.857407 0.200000 0.852778
23 0.376042 0.866667 0.383333 0.849074 0.392188 0.839815 0.402083 0.835185 0.412500 0.833333 0.426042 0.839815 0.428646 0.844444 0.426042 0.851852 0.428646 0.857407 0.435417 0.857407 0.441146 0.852778 0.447396 0.859259 0.453646 0.862037 0.462500 0.881481 0.467187 0.901852 0.465625 0.924074 0.459375 0.948148 0.452604 0.955556 0.444271 0.956481 0.436979 0.958333 0.432812 0.952778 0.432292 0.943519 0.435937 0.930556 0.441146 0.918519 0.444792 0.912037 0.437500 0.897222 0.425521 0.883333 0.411979 0.877778 0.398958 0.881481 0.390104 0.886111 0.383333 0.887963 0.377604 0.882407 0.376042 0.875000
23 0.517188 0.603704 0.519271 0.617593 0.525000 0.637037 0.531771 0.635185 0.539583 0.635185 0.542708 0.625000 0.547396 0.619444 0.546354 0.611111 0.541146 0.601852 0.532292 0.600000 0.525000 0.600926
23 0.803646 0.487037 0.809896 0.491667 0.813542 0.501852 0.814583 0.508333 0.813021 0.519444 0.810417 0.525926 0.805729 0.530556 0.800521 0.532407 0.794271 0.528704 0.789583 0.518519 0.788542 0.508333 0.790625 0.499074 0.793229 0.493519 0.798438 0.489815
23 0.945833 0.493519 0.948438 0.499074 0.952083 0.505556 0.953646 0.515741 0.952083 0.524074 0.950000 0.529630 0.944792 0.536111 0.939583 0.533333 0.933333 0.533333 0.931250 0.525926 0.928646 0.519444 0.928125 0.513889 0.927604 0.505556 0.929688 0.499074 0.932813 0.494444 0.935937 0.491667 0.940104 0.491667
23 0.918750 0.439815 0.922396 0.442593 0.924479 0.448148 0.925521 0.457407 0.923958 0.470370 0.916667 0.476852 0.909375 0.471296 0.906250 0.462963 0.906250 0.449074 0.909375 0.441667 0.913542 0.438889
27 0.646875 0.208333 0.679688 0.217593 0.687500 0.237963 0.692708 0.250926 0.690104 0.277778 0.686979 0.300926 0.673958 0.314815 0.669792 0.319444 0.676042 0.325000 0.678646 0.333333 0.676042 0.335185 0.667188 0.335185 0.668750 0.344444 0.665625 0.350926 0.672396 0.362037 0.667708 0.375000 0.664583 0.378704 0.663542 0.391667 0.655729 0.398148 0.656250 0.406481 0.651563 0.408333 0.650000 0.413889 0.643229 0.401852 0.632812 0.401852 0.615104 0.411111 0.603125 0.419444 0.603646 0.386111 0.607812 0.354630 0.609896 0.322222 0.619271 0.274074 0.623437 0.245370 0.629167 0.225926 0.635938 0.213889 0.641667 0.208333
27 0.497396 0.514815 0.500000 0.539815 0.511979 0.571296 0.516667 0.602778 0.530208 0.596296 0.560937 0.595370 0.597917 0.546296 0.595833 0.537037 0.600521 0.525926 0.607292 0.508333 0.611979 0.502778 0.617188 0.486111 0.632812 0.480556 0.634896 0.468519 0.629167 0.456481 0.629167 0.434259 0.630208 0.420370 0.626042 0.408333 0.597917 0.419444 0.591667 0.437963 0.586458 0.440741 0.573438 0.452778 0.562500 0.465741 0.551042 0.473148 0.539062 0.482407 0.522396 0.492593 0.508333 0.503704
23 0.152083 0.457407 0.151042 0.473148 0.157292 0.483333 0.160938 0.491667 0.173958 0.488889 0.181250 0.476852 0.179167 0.451852 0.173437 0.444444 0.163542 0.449074
33 0.502604 0.099074 0.510417 0.107407 0.510938 0.112963 0.509896 0.119444 0.509375 0.130556 0.509375 0.166667 0.503646 0.179630 0.492188 0.203704 0.461979 0.217593 0.433854 0.225000 0.422396 0.223148 0.403646 0.209259 0.389583 0.193519 0.371875 0.173148 0.370833 0.143519 0.371354 0.127778 0.375521 0.102778 0.383854 0.076852 0.390625 0.057407 0.394792 0.052778 0.401042 0.053704 0.411458 0.049074 0.420312 0.065741 0.435417 0.072222 0.456771 0.079630 0.479167 0.088889 0.488542 0.090741 0.495833 0.097222
23 0.017708 0.340741 0.020833 0.361111 0.016667 0.375000 0.007292 0.378704 0.000521 0.372222 0.000000 0.348148 0.004687 0.339815 0.011979 0.333333