30 0.852604 0.337963 0.845833 0.312963 0.843750 0.287037 0.852083 0.259259 0.859896 0.208333 0.873437 0.150926 0.885417 0.102778 0.893750 0.081481 0.902083 0.062037 0.906771 0.059259 0.910937 0.063889 0.905729 0.109259 0.901042 0.133333 0.895833 0.159259 0.892188 0.175000 0.889583 0.202778 0.900000 0.174074 0.907292 0.136111 0.912500 0.119444 0.916146 0.092593 0.921354 0.074074 0.928125 0.070370 0.930208 0.086111 0.926562 0.125000 0.920833 0.157407 0.913542 0.211111 0.901563 0.270370 0.894792 0.291667 0.880729 0.311111 0.871875 0.325926 0.863021 0.337963
23 0.469792 0.585185 0.475521 0.575000 0.482812 0.570370 0.494271 0.573148 0.499479 0.582407 0.503125 0.597222 0.502083 0.612037 0.498437 0.624074 0.489063 0.633333 0.478125 0.630556 0.470833 0.620370 0.467708 0.603704
23 0.303125 0.525926 0.301563 0.535185 0.302083 0.545370 0.306250 0.556481 0.311979 0.563889 0.316146 0.568519 0.323958 0.564815 0.333854 0.557407 0.335938 0.545370 0.332292 0.528704 0.323437 0.516667 0.316667 0.517593 0.311979 0.517593 0.305729 0.520370
23 0.104688 0.394444 0.112500 0.395370 0.116146 0.403704 0.116146 0.418519 0.110937 0.428704 0.104688 0.431481 0.101042 0.429630 0.097396 0.425000 0.095833 0.418519 0.095312 0.408333 0.096875 0.400926
23 0.032813 0.579630 0.039583 0.584259 0.046875 0.590741 0.045833 0.599074 0.044271 0.613889 0.042188 0.625926 0.035937 0.630556 0.030208 0.628704 0.026042 0.620370 0.023438 0.611111 0.022396 0.597222 0.027083 0.585185
23 0.694271 0.998148 0.655729 0.997222 0.651042 0.988889 0.642188 0.982407 0.629687 0.977778 0.614583 0.981481 0.603646 0.989815 0.591667 0.992593 0.587500 0.985185 0.588542 0.972222 0.591146 0.960185 0.598437 0.944444 0.613542 0.936111 0.627083 0.933333 0.647396 0.937037 0.652083 0.949074 0.654167 0.956481 0.659896 0.955556 0.669792 0.957407 0.677083 0.963889 0.685937 0.977778 0.691146 0.991667
31 0.495833 0.276852 0.506250 0.308333 0.516146 0.319444 0.518750 0.348148 0.508333 0.364815 0.501042 0.379630 0.493229 0.398148 0.496354 0.415741 0.502083 0.431481 0.509896 0.433333 0.522396 0.419444 0.532292 0.419444 0.535417 0.433333 0.539583 0.441667 0.545833 0.440741 0.548438 0.433333 0.551042 0.414815 0.559896 0.407407 0.563542 0.416667 0.570833 0.417593 0.581250 0.412963 0.592187 0.398148 0.600000 0.390741 0.610938 0.379630 0.613021 0.362037 0.604688 0.355556 0.607812 0.325926 0.602083 0.308333 0.588542 0.300000 0.575521 0.308333 0.569792 0.324074 0.555208 0.335185 0.543750 0.329630 0.526563 0.303704 0.512500 0.286111
29 0.602083 0.390741 0.625000 0.408333 0.641146 0.435185 0.648438 0.465741 0.657813 0.488889 0.672396 0.525000 0.681771 0.551852 0.691146 0.572222 0.696354 0.597222 0.704688 0.615741 0.717187 0.637963 0.723958 0.671296 0.733333 0.697222 0.744271 0.734259 0.756771 0.765741 0.765625 0.787037 0.776042 0.819444 0.783333 0.839815 0.792188 0.862037 0.807292 0.883333 0.819792 0.911111 0.828646 0.935185 0.829688 0.943519 0.840625 0.963889 0.847396 0.986111 0.848958 0.999074 0.830208 0.999074 0.822396 0.988889 0.801562 0.952778 0.795833 0.941667 0.786979 0.900000 0.773438 0.871296 0.756250 0.846296 0.756250 0.829630 0.753646 0.828704 0.747917 0.822222 0.744792 0.810185 0.739583 0.807407 0.734896 0.789815 0.731250 0.782407 0.722396 0.760185 0.717187 0.737963 0.698438 0.700000 0.688021 0.679630 0.683333 0.659259 0.673438 0.635185 0.667188 0.611111 0.668229 0.590741 0.660417 0.566667 0.642708 0.555556 0.631250 0.523148 0.616146 0.491667 0.615625 0.476852 0.612500 0.455556 0.610938 0.451852
23 0.594271 0.579630 0.592708 0.590741 0.594792 0.603704 0.598437 0.612963 0.604688 0.614815 0.611458 0.613889 0.615625 0.610185 0.618229 0.603704 0.616667 0.596296 0.620833 0.592593 0.621354 0.575926 0.613021 0.570370 0.603646 0.570370
23 0.723958 0.671296 0.732292 0.694444 0.734896 0.703704 0.743750 0.703704 0.751042 0.693519 0.753125 0.681481 0.748958 0.666667 0.739583 0.661111
23 0.814063 0.459259 0.818750 0.454630 0.822917 0.464815 0.827604 0.470370 0.830208 0.478704 0.831250 0.488889 0.830208 0.500000 0.822396 0.512963 0.814583 0.511111 0.810937 0.495370 0.810417 0.477778 0.811979 0.468519
23 0.998437 0.534259 0.998437 0.575000 0.994271 0.578704 0.989062 0.575000 0.985938 0.570370 0.985417 0.562037 0.983854 0.553704 0.985417 0.544444 0.988542 0.539815 0.993750 0.535185
23 0.307292 0.023148 0.310937 0.014815 0.316146 0.012963 0.321875 0.017593 0.323437 0.026852 0.321354 0.038889 0.317708 0.049074 0.314583 0.054630 0.308333 0.057407 0.302083 0.056481 0.298438 0.051852 0.296875 0.044444 0.297396 0.036111 0.300000 0.029630
23 0.065625 0.070370 0.063542 0.079630 0.066146 0.090741 0.069792 0.097222 0.079167 0.094444 0.083854 0.084259 0.083854 0.073148 0.081771 0.066667 0.076042 0.062037 0.069792 0.064815
27 0.802083 0.194444 0.818229 0.203704 0.825000 0.195370 0.846354 0.209259 0.845833 0.246296 0.852083 0.254630 0.852604 0.263889 0.848958 0.284259 0.845313 0.292593 0.845313 0.322222 0.844271 0.328704 0.838542 0.330556 0.838021 0.335185 0.835938 0.337037 0.832812 0.337037 0.830729 0.339815 0.830208 0.341667 0.831250 0.346296 0.834896 0.348148 0.839063 0.352778 0.838542 0.359259 0.830208 0.362037 0.832292 0.370370 0.837500 0.385185 0.837500 0.397222 0.833333 0.405556 0.832812 0.412963 0.831771 0.423148 0.825521 0.431481 0.827604 0.435185 0.827083 0.441667 0.823438 0.443519 0.813542 0.461111 0.808854 0.462037 0.802604 0.455556 0.788021 0.450926 0.778646 0.459259 0.778646 0.403704 0.779687 0.382407 0.778125 0.366667 0.778125 0.346296 0.779687 0.324074 0.781250 0.309259 0.782292 0.277778 0.782813 0.258333 0.785937 0.237963 0.794271 0.220370 0.793229 0.211111
27 0.778125 0.460185 0.787500 0.452778 0.802604 0.459259 0.810937 0.472222 0.811979 0.497222 0.815625 0.514815 0.805729 0.542593 0.789583 0.584259 0.773438 0.618519 0.756771 0.647222 0.750000 0.655556 0.732812 0.656481 0.720833 0.659259 0.714583 0.640741 0.705729 0.625926 0.693750 0.593519 0.691146 0.573148 0.696875 0.563889 0.709896 0.552778 0.740104 0.520370 0.751563 0.497222 0.757812 0.480556 0.769792 0.466667
23 0.493750 0.281481 0.502604 0.297222 0.507292 0.307407 0.514583 0.317593 0.517708 0.327778 0.510417 0.349074 0.508333 0.352778 0.504687 0.350000 0.502604 0.344444 0.497917 0.346296 0.494792 0.348148 0.491667 0.337963 0.491667 0.328704 0.490104 0.314815 0.490104 0.301852 0.489583 0.291667
33 0.510938 0.112963 0.530729 0.075000 0.529687 0.062037 0.535417 0.053704 0.541667 0.053704 0.552083 0.051852 0.561458 0.060185 0.564583 0.070370 0.584896 0.077778 0.611979 0.087037 0.632812 0.100000 0.650000 0.108333 0.653646 0.119444 0.652604 0.127778 0.654687 0.141667 0.654687 0.163889 0.654687 0.183333 0.647396 0.200000 0.635938 0.219444 0.606250 0.233333 0.585938 0.237037 0.570833 0.241667 0.554688 0.233333 0.544792 0.219444 0.530208 0.208333 0.518750 0.197222 0.510938 0.181481 0.507812 0.146296
23 0.856771 0.206481 0.848958 0.205556 0.844792 0.212963 0.840625 0.226852 0.843229 0.238889 0.851042 0.251852 0.855208 0.239815 0.857292 0.222222 0.860938 0.208333