31 0.577083 0.306481 0.589583 0.305556 0.600000 0.322222 0.601042 0.341667 0.601042 0.351852 0.606250 0.362963 0.608854 0.374074 0.602604 0.379630 0.597396 0.398148 0.594792 0.412963 0.580729 0.413889 0.567187 0.425926 0.558333 0.416667 0.546875 0.418519 0.547917 0.441667 0.541146 0.450000 0.535937 0.443519 0.527604 0.422222 0.517708 0.428704 0.513021 0.422222 0.517188 0.388889 0.517188 0.355556 0.515625 0.337037 0.528646 0.330556 0.537500 0.341667 0.547396 0.345370 0.559375 0.337037 0.564583 0.328704
29 0.600000 0.391667 0.626042 0.414815 0.641146 0.437037 0.648438 0.463889 0.660417 0.491667 0.670833 0.516667 0.681250 0.546296 0.697396 0.577778 0.707292 0.608333 0.719792 0.629630 0.729167 0.658333 0.735417 0.678704 0.743229 0.698148 0.753646 0.724074 0.767188 0.757407 0.778646 0.792593 0.789583 0.814815 0.808333 0.852778 0.826042 0.877778 0.845833 0.917593 0.851042 0.937963 0.860938 0.955556 0.876042 0.998148 0.854688 0.998148 0.847917 0.984259 0.835938 0.971296 0.824479 0.957407 0.819792 0.939815 0.807813 0.923148 0.804688 0.890741 0.792188 0.869444 0.770833 0.837037 0.772917 0.825926 0.770312 0.822222 0.768750 0.824074 0.763542 0.816667 0.762500 0.811111 0.758854 0.803704 0.754687 0.803704 0.749479 0.784259 0.743229 0.778704 0.734375 0.757407 0.721875 0.726852 0.713542 0.711111 0.701042 0.689815 0.688542 0.657407 0.676562 0.625926 0.668750 0.611111 0.663021 0.588889 0.655729 0.563889 0.649479 0.558333 0.639583 0.541667 0.617188 0.497222 0.609375 0.456481 0.603646 0.432407 0.598958 0.406481 0.597396 0.393519
23 0.629687 0.597222 0.625000 0.600000 0.625000 0.610185 0.623437 0.620370 0.616667 0.624074 0.609896 0.622222 0.605208 0.622222 0.601042 0.614815 0.598958 0.596296 0.603646 0.580556 0.609375 0.576852 0.615104 0.566667 0.621875 0.566667 0.630729 0.583333 0.628125 0.587963
23 0.492188 0.586111 0.498437 0.590741 0.504687 0.597222 0.508333 0.613889 0.508854 0.627778 0.504687 0.639815 0.496875 0.648148 0.488542 0.647222 0.482292 0.644444 0.477604 0.633333 0.473958 0.618519 0.474479 0.602778 0.478125 0.592593 0.484896 0.585185
23 0.309896 0.542593 0.303646 0.550926 0.302083 0.566667 0.305208 0.577778 0.312500 0.590741 0.319792 0.592593 0.328646 0.589815 0.336979 0.581481 0.335938 0.568519 0.332813 0.553704 0.328646 0.539815 0.319792 0.539815
23 0.094792 0.425000 0.101042 0.430556 0.105208 0.441667 0.103646 0.455556 0.095833 0.462037 0.088542 0.462963 0.082292 0.457407 0.081250 0.447222 0.081250 0.436111 0.084375 0.429630 0.089583 0.424074
23 0.026042 0.624074 0.034896 0.628704 0.037500 0.641667 0.037500 0.656481 0.032813 0.670370 0.023438 0.674074 0.017188 0.670370 0.013542 0.655556 0.012500 0.641667 0.016146 0.632407 0.021354 0.622222
30 0.916146 0.056481 0.919792 0.078704 0.916667 0.108333 0.912500 0.143519 0.907292 0.179630 0.897396 0.217593 0.888542 0.262963 0.883333 0.286111 0.874479 0.306481 0.858333 0.317593 0.846875 0.319444 0.832292 0.305556 0.832292 0.287963 0.833854 0.263889 0.841146 0.244444 0.848437 0.208333 0.855208 0.176852 0.870313 0.120370 0.879687 0.086111 0.887500 0.066667 0.889583 0.050926 0.895833 0.047222 0.895833 0.062963 0.894792 0.089815 0.890104 0.111111 0.886979 0.130556 0.884896 0.148148 0.881250 0.173148 0.878646 0.194444 0.884375 0.175000 0.892708 0.153704 0.897917 0.125926 0.904687 0.099074 0.910937 0.071296
23 0.842187 0.237037 0.837500 0.237037 0.833854 0.235185 0.831771 0.228704 0.831250 0.222222 0.831250 0.214815 0.832812 0.207407 0.834896 0.203704 0.838542 0.200000 0.844271 0.197222 0.850000 0.198148 0.847396 0.209259
23 0.293750 0.025926 0.298438 0.022222 0.306250 0.026852 0.309375 0.039815 0.306771 0.055556 0.302083 0.067593 0.296354 0.071296 0.289062 0.073148 0.283854 0.068519 0.281250 0.054630 0.281250 0.043519 0.285417 0.033333
23 0.046875 0.088889 0.054688 0.088889 0.057813 0.100000 0.057292 0.111111 0.054167 0.120370 0.047396 0.123148 0.041667 0.123148 0.038021 0.118519 0.036458 0.111111 0.036458 0.102778 0.039583 0.092593
23 0.694271 0.963889 0.704167 0.976852 0.710938 0.989815 0.714063 0.999074 0.676042 0.999074 0.671875 0.993519 0.667188 0.990741 0.659896 0.987037 0.648438 0.986111 0.638021 0.989815 0.626042 0.995370 0.623437 0.999074 0.612500 0.999074 0.608333 0.992593 0.607812 0.987963 0.608333 0.977778 0.611458 0.963889 0.617708 0.954630 0.629687 0.944444 0.638542 0.943519 0.643750 0.941667 0.648438 0.941667 0.657292 0.944444 0.665625 0.947222 0.669792 0.950000 0.670833 0.952778 0.673438 0.959259 0.676042 0.961111 0.679688 0.959259 0.683333 0.959259 0.685937 0.962037 0.690104 0.962963
23 0.733333 0.669444 0.737500 0.680556 0.744792 0.697222 0.751042 0.700000 0.757292 0.693519 0.759896 0.684259 0.758854 0.670370 0.755729 0.663889 0.752083 0.663889 0.740625 0.672222
23 0.813542 0.448148 0.821875 0.449074 0.829688 0.462037 0.828646 0.481481 0.820833 0.505556 0.814063 0.505556 0.810937 0.492593 0.809375 0.476852 0.808333 0.462037
27 0.833854 0.196296 0.833333 0.217593 0.830208 0.236111 0.829167 0.252778 0.831250 0.262037 0.832292 0.275926 0.832292 0.288889 0.833854 0.297222 0.834896 0.304630 0.834896 0.312963 0.831771 0.317593 0.829688 0.319444 0.827604 0.323148 0.823438 0.324074 0.819792 0.327778 0.820833 0.330556 0.822396 0.333333 0.825000 0.337037 0.828646 0.338889 0.831250 0.343519 0.829167 0.348148 0.824479 0.350000 0.820833 0.349074 0.820833 0.352778 0.823958 0.356481 0.831250 0.374074 0.830729 0.387037 0.827604 0.394444 0.827604 0.400926 0.828646 0.410185 0.823958 0.415741 0.821354 0.420370 0.823958 0.424074 0.822917 0.430556 0.818750 0.432407 0.816146 0.437037 0.814583 0.448148 0.807813 0.461111 0.800000 0.452778 0.788542 0.442593 0.776042 0.448148 0.775521 0.436111 0.773958 0.397222 0.773438 0.370370 0.771875 0.338889 0.771875 0.316667 0.772396 0.280556 0.772396 0.252778 0.775000 0.235185 0.776563 0.223148 0.781250 0.212963 0.781250 0.204630 0.780208 0.197222 0.786458 0.187963 0.791667 0.189815 0.803125 0.198148 0.809375 0.205556 0.810937 0.195370 0.817187 0.191667 0.822917 0.192593 0.828646 0.194444
27 0.808333 0.461111 0.808333 0.470370 0.809375 0.479630 0.811458 0.492593 0.814583 0.508333 0.808333 0.529630 0.798438 0.555556 0.789062 0.579630 0.779687 0.604630 0.765104 0.634259 0.759896 0.654630 0.747396 0.668519 0.740625 0.672222 0.732812 0.668519 0.728646 0.656481 0.718750 0.631481 0.705729 0.603704 0.695833 0.578704 0.700000 0.568519 0.712500 0.550926 0.727083 0.530556 0.745313 0.508333 0.752083 0.494444 0.761979 0.473148 0.768750 0.460185 0.776563 0.448148 0.788021 0.442593 0.801562 0.452778
23 0.487500 0.290741 0.494792 0.285185 0.500521 0.290741 0.507812 0.311111 0.516146 0.328704 0.513542 0.346296 0.513021 0.359259 0.504167 0.359259 0.501042 0.355556 0.491667 0.362037 0.488021 0.355556 0.484375 0.340741 0.487500 0.325926 0.488021 0.312963
33 0.637500 0.105556 0.641146 0.136111 0.644271 0.177778 0.631250 0.201852 0.617708 0.225926 0.604167 0.238889 0.578646 0.244444 0.553646 0.240741 0.529687 0.224074 0.516667 0.210185 0.504687 0.200000 0.498437 0.184259 0.494792 0.146296 0.498437 0.114815 0.507812 0.087963 0.516146 0.074074 0.517188 0.061111 0.520833 0.055556 0.530208 0.057407 0.535937 0.053704 0.543750 0.055556 0.549479 0.068519 0.565104 0.075000 0.591146 0.086111 0.610938 0.092593 0.620833 0.100000
23 0.991146 0.504630 0.982292 0.514815 0.981250 0.534259 0.987500 0.559259 0.998437 0.564815 0.999479 0.564815 0.999479 0.509259