23 0.429688 0.213889 0.420312 0.220370 0.419792 0.234259 0.419792 0.242593 0.422917 0.250000 0.428646 0.258333 0.433333 0.260185 0.442188 0.260185 0.448958 0.256481 0.452604 0.246296 0.453125 0.233333 0.450000 0.222222 0.444792 0.214815 0.437500 0.211111
24 0.316667 0.279630 0.315104 0.288889 0.315104 0.300000 0.319792 0.312963 0.326562 0.317593 0.332292 0.316667 0.336979 0.310185 0.337500 0.301852 0.336979 0.294444 0.338021 0.290741 0.343750 0.287037 0.344792 0.291667 0.347396 0.302778 0.353125 0.306481 0.357292 0.301852 0.359375 0.286111 0.353646 0.271296 0.343750 0.263889 0.333333 0.259259 0.329688 0.262963 0.327604 0.269444 0.323437 0.274074
31 0.052604 0.699074 0.054167 0.708333 0.055208 0.714815 0.051042 0.725926 0.053125 0.733333 0.057813 0.738889 0.060937 0.739815 0.059896 0.765741 0.057292 0.776852 0.054167 0.787037 0.054688 0.800000 0.056250 0.812963 0.058854 0.818519 0.065104 0.820370 0.068750 0.815741 0.069792 0.810185 0.072917 0.806481 0.078646 0.801852 0.081771 0.800000 0.083854 0.793519 0.083854 0.777778 0.081771 0.766667 0.077083 0.757407 0.070833 0.755556 0.070833 0.748148 0.073438 0.741667 0.076042 0.735185 0.077083 0.725926 0.078125 0.714815 0.074479 0.700000 0.072396 0.692593 0.071875 0.683333 0.073438 0.670370 0.075000 0.652778 0.074479 0.638889 0.076042 0.630556 0.076042 0.622222 0.073438 0.609259 0.068229 0.590741 0.062500 0.580556 0.060417 0.576852 0.063021 0.566667 0.064583 0.555556 0.065625 0.552778 0.069792 0.555556 0.076042 0.568519 0.078125 0.575000 0.083333 0.584259 0.092188 0.593519 0.098958 0.597222 0.108333 0.594444 0.113021 0.590741 0.117188 0.585185 0.122396 0.579630 0.127083 0.571296 0.131250 0.556481 0.132292 0.541667 0.127083 0.535185 0.122917 0.535185 0.120833 0.537963 0.121875 0.544444 0.121875 0.552778 0.119792 0.559259 0.114583 0.562963 0.110937 0.567593 0.107292 0.573148 0.103125 0.575926 0.099479 0.573148 0.095833 0.570370 0.092188 0.563889 0.086458 0.551852 0.081771 0.544444 0.077083 0.537037 0.072396 0.535185 0.065625 0.533333 0.060417 0.536111 0.057813 0.545370 0.056250 0.557407 0.054167 0.563889 0.052083 0.568519 0.045833 0.565741 0.038542 0.566667 0.034896 0.569444 0.027604 0.574074 0.026562 0.574074 0.024479 0.572222 0.025521 0.568519 0.026042 0.564815 0.022396 0.566667 0.018750 0.577778 0.018750 0.584259 0.019792 0.590741 0.022396 0.595370 0.027083 0.596296 0.030208 0.595370 0.033854 0.596296 0.035937 0.592593 0.039062 0.587037 0.044792 0.584259 0.046875 0.585185 0.051042 0.586111 0.055208 0.588889 0.059896 0.592593 0.062500 0.599074 0.064062 0.604630 0.066146 0.613889 0.067708 0.621296 0.067187 0.625926 0.062500 0.621296 0.056771 0.608333 0.053125 0.603704 0.048438 0.600000 0.044271 0.600000 0.034375 0.602778 0.028646 0.605556 0.021875 0.618519 0.019271 0.630556 0.018229 0.652778 0.021354 0.670370 0.030208 0.688889 0.041667 0.692593 0.043750 0.687037 0.040625 0.675926 0.032292 0.663889 0.029687 0.652778 0.029167 0.643519 0.031250 0.636111 0.033854 0.630556 0.039062 0.625000 0.047396 0.622222 0.052083 0.628704 0.057292 0.637963 0.060937 0.648148 0.062500 0.655556 0.062500 0.669444 0.061979 0.680556 0.060937 0.689815 0.058854 0.695370 0.056250 0.696296
23 0.040104 0.625926 0.033333 0.631481 0.031250 0.639815 0.030729 0.647222 0.031250 0.654630 0.033854 0.666667 0.038021 0.673148 0.042188 0.679630 0.048438 0.686111 0.053646 0.682407 0.058854 0.674074 0.060937 0.663889 0.060937 0.655556 0.060937 0.646296 0.058854 0.637963 0.052604 0.628704 0.047917 0.625000 0.044271 0.624074
30 0.044792 0.812963 0.049479 0.817593 0.050000 0.825926 0.050521 0.835185 0.050000 0.840741 0.048438 0.848148 0.044792 0.854630 0.039583 0.859259 0.034375 0.863889 0.029167 0.870370 0.026042 0.864815 0.023958 0.857407 0.022917 0.850926 0.024479 0.837037 0.026562 0.830556 0.031250 0.823148 0.035417 0.819444
21 0.410938 0.000000 0.408854 0.005556 0.407292 0.014815 0.405729 0.028704 0.404687 0.050000 0.404687 0.063889 0.409896 0.076852 0.421354 0.081481 0.430729 0.082407 0.439583 0.085185 0.456250 0.086111 0.482812 0.090741 0.502083 0.096296 0.523438 0.099074 0.545833 0.100926 0.558854 0.100926 0.568750 0.097222 0.572917 0.092593 0.573438 0.081481 0.570833 0.075926 0.569792 0.069444 0.569271 0.066667 0.573438 0.063889 0.576042 0.059259 0.576042 0.054630 0.575000 0.050000 0.572917 0.047222 0.564583 0.044444 0.532813 0.035185 0.488542 0.019444 0.464583 0.009259 0.438542 0.000000
29 0.364583 0.000000 0.400000 0.000000 0.397917 0.014815 0.393750 0.028704 0.390104 0.037963 0.383333 0.051852 0.377083 0.063889 0.369792 0.082407 0.358854 0.106481 0.340104 0.137037 0.324479 0.150926 0.305729 0.163889 0.281771 0.180556 0.263542 0.200000 0.245833 0.208333 0.202604 0.253704 0.192188 0.261111 0.170313 0.286111 0.129688 0.324074 0.114062 0.344444 0.097917 0.372222 0.085938 0.400000 0.063021 0.424074 0.044792 0.449074 0.026042 0.475926 0.009375 0.502778 0.000521 0.515741 0.000521 0.452778 0.009375 0.438889 0.018750 0.428704 0.034375 0.400926 0.064583 0.354630 0.076042 0.335185 0.088542 0.317593 0.114062 0.292593 0.135937 0.272222 0.164062 0.239815 0.173437 0.217593 0.186979 0.208333 0.197396 0.197222 0.213021 0.175000 0.237500 0.152778 0.244792 0.137037 0.250000 0.129630 0.257292 0.125000 0.273438 0.122222 0.283854 0.129630 0.294792 0.137037 0.307292 0.132407 0.325000 0.124074 0.336458 0.100000 0.340104 0.084259 0.351042 0.043519
25 0.266146 0.089815 0.266146 0.104630 0.270833 0.108333 0.277604 0.113889 0.283333 0.118519 0.292187 0.125926 0.300000 0.130556 0.311979 0.125926 0.319792 0.116667 0.322917 0.101852 0.320312 0.089815 0.319792 0.088889 0.314063 0.084259
23 0.095833 0.087963 0.091146 0.102778 0.091146 0.115741 0.097917 0.128704 0.105729 0.128704 0.110937 0.125000 0.116146 0.117593 0.117708 0.104630 0.116667 0.088889 0.108333 0.079630 0.101562 0.080556
31 0.038021 0.104630 0.038021 0.118519 0.043750 0.113889 0.046875 0.109259 0.055729 0.106481 0.061979 0.104630 0.067187 0.104630 0.071354 0.106481 0.079687 0.106481 0.081771 0.117593 0.081771 0.131481 0.079167 0.142593 0.085417 0.140741 0.089063 0.125926 0.089063 0.116667 0.087500 0.104630 0.081250 0.090741 0.070312 0.087963 0.055729 0.089815 0.039583 0.098148
31 0.120833 0.000000 0.116146 0.013889 0.113542 0.025926 0.125521 0.032407 0.135937 0.030556 0.143750 0.037037 0.153125 0.052778 0.168750 0.050926 0.178125 0.047222 0.184896 0.031481 0.191667 0.039815 0.210938 0.020370 0.218750 0.000000
27 0.083333 0.507407 0.082292 0.514815 0.082812 0.526852 0.084375 0.536111 0.153646 0.536111 0.152604 0.527778 0.151562 0.522222 0.152083 0.515741 0.153646 0.511111 0.154688 0.499074 0.158333 0.492593 0.164583 0.487037 0.164583 0.483333 0.170833 0.478704 0.173958 0.479630 0.201042 0.463889 0.220312 0.455556 0.234896 0.450000 0.241146 0.434259 0.247396 0.428704 0.255208 0.428704 0.281771 0.397222 0.278646 0.390741 0.265625 0.384259 0.254688 0.387037 0.238542 0.403704 0.220833 0.412963 0.184896 0.433333 0.151042 0.457407 0.136979 0.466667 0.114583 0.499074 0.095833 0.501852
27 0.116146 0.455556 0.119792 0.458333 0.125000 0.456481 0.128646 0.452778 0.134896 0.450926 0.140104 0.447222 0.148958 0.444444 0.153646 0.439815 0.156250 0.430556 0.163542 0.401852 0.149479 0.406481 0.137500 0.412963 0.132292 0.419444 0.124479 0.436111
27 0.197917 0.348148 0.195833 0.366667 0.194792 0.391667 0.200000 0.399074 0.203125 0.402778 0.206250 0.409259 0.210938 0.408333 0.213542 0.399074 0.213021 0.388889 0.214583 0.374074 0.220833 0.373148 0.223438 0.363889 0.227604 0.358333 0.231771 0.351852 0.228646 0.345370 0.223438 0.344444 0.219271 0.346296 0.214583 0.350926 0.209896 0.357407 0.207292 0.360185
31 0.164583 0.486111 0.165104 0.479630 0.168750 0.475926 0.172396 0.476852 0.175521 0.484259 0.179167 0.492593 0.184375 0.506481 0.188542 0.523148 0.191667 0.534259 0.193750 0.550926 0.193229 0.557407 0.190625 0.558333 0.183854 0.555556 0.180729 0.553704 0.177083 0.547222 0.176563 0.537037 0.176042 0.528704 0.171354 0.508333
31 0.212500 0.498148 0.212500 0.507407 0.214583 0.517593 0.220312 0.519444 0.225000 0.519444 0.227083 0.530556 0.229687 0.546296 0.234896 0.556481 0.243750 0.562963 0.256250 0.566667 0.267708 0.563889 0.273438 0.559259 0.281250 0.553704 0.303125 0.557407 0.308854 0.576852 0.311458 0.582407 0.319792 0.578704 0.325000 0.571296 0.334896 0.566667 0.340625 0.566667 0.342708 0.561111 0.342708 0.552778 0.334896 0.550926 0.321354 0.555556 0.312500 0.555556 0.306771 0.552778 0.301042 0.546296 0.293750 0.541667 0.283333 0.539815 0.266667 0.539815 0.251042 0.543519 0.243750 0.537963 0.240625 0.528704 0.238021 0.519444 0.232813 0.507407 0.229687 0.501852 0.229687 0.496296 0.232292 0.482407 0.243750 0.466667 0.251563 0.455556 0.254688 0.437963 0.253646 0.428704 0.248438 0.428704 0.240104 0.434259 0.234896 0.450000 0.219792 0.475000 0.216667 0.486111
31 0.389583 0.580556 0.385937 0.587037 0.381250 0.596296 0.378646 0.604630 0.378646 0.625000 0.384896 0.642593 0.394792 0.645370 0.403125 0.640741 0.417708 0.618519 0.420312 0.609259 0.428646 0.589815 0.432292 0.573148 0.432812 0.560185 0.433333 0.553704 0.437500 0.555556 0.443750 0.553704 0.442188 0.537037 0.429688 0.530556 0.418229 0.521296 0.410938 0.515741 0.407292 0.508333 0.406250 0.487963 0.397396 0.455556 0.389062 0.448148 0.377083 0.457407 0.368750 0.463889 0.366146 0.476852 0.378125 0.493519 0.375000 0.513889 0.372917 0.537963 0.381771 0.546296 0.396875 0.550926 0.404167 0.553704 0.404687 0.559259 0.402083 0.565741
23 0.944271 0.577778 0.935937 0.559259 0.934896 0.546296 0.947917 0.543519 0.955208 0.543519 0.969271 0.553704 0.981250 0.568519 0.986458 0.580556 0.991146 0.593519 0.992708 0.619444 0.983333 0.662037 0.965625 0.706481 0.944792 0.712037 0.926042 0.706481 0.910417 0.691667 0.897917 0.675000 0.891146 0.652778 0.894271 0.637037 0.904687 0.636111 0.916667 0.645370 0.926042 0.652778 0.938021 0.655556 0.944792 0.655556 0.951042 0.650926 0.955208 0.641667 0.960417 0.630556 0.964063 0.619444 0.966667 0.611111 0.962500 0.600926 0.956771 0.593519 0.950000 0.588889
31 0.677604 0.620370 0.675521 0.628704 0.673438 0.635185 0.679688 0.641667 0.684896 0.645370 0.691146 0.652778 0.696875 0.660185 0.703646 0.665741 0.717187 0.663889 0.728125 0.660185 0.735938 0.652778 0.742708 0.641667 0.744792 0.628704 0.736979 0.625926 0.731250 0.631481 0.725521 0.637037 0.717708 0.640741 0.707292 0.642593 0.703646 0.641667 0.696354 0.637963 0.692708 0.633333 0.686979 0.618519 0.683333 0.614815
31 0.692708 0.260185 0.698958 0.275000 0.702083 0.294444 0.704688 0.312037 0.701562 0.328704 0.693750 0.332407 0.685937 0.322222 0.682292 0.323148 0.677083 0.311111 0.679167 0.292593 0.681250 0.280556 0.676042 0.257407 0.669792 0.240741 0.670833 0.225926 0.676562 0.216667 0.689583 0.207407 0.708854 0.199074 0.727083 0.203704 0.735417 0.211111 0.750000 0.231481 0.768229 0.241667 0.781250 0.259259 0.788542 0.293519 0.781250 0.314815 0.769792 0.306481 0.763542 0.297222 0.755729 0.287963 0.752604 0.266667 0.741667 0.244444 0.733333 0.233333 0.717187 0.223148 0.708333 0.221296 0.689583 0.234259 0.685937 0.244444 0.688542 0.259259
23 0.467187 0.922222 0.464062 0.937037 0.465104 0.957407 0.467187 0.970370 0.477604 0.985185 0.497917 0.981481 0.504687 0.979630 0.506771 0.962037 0.504687 0.942593 0.496354 0.928704 0.482292 0.912963 0.471354 0.912963
27 0.253646 0.974074 0.259896 0.964815 0.265104 0.962037 0.269792 0.955556 0.272917 0.949074 0.278646 0.950000 0.280729 0.939815 0.281250 0.933333 0.283333 0.928704 0.167187 0.821296 0.159375 0.819444 0.154688 0.822222 0.151042 0.827778 0.148438 0.839815 0.144792 0.852778 0.141146 0.869444 0.133333 0.873148 0.130729 0.868519 0.131250 0.852778 0.127083 0.852778 0.117708 0.860185 0.110937 0.873148 0.102083 0.895370 0.091667 0.920370 0.087500 0.934259 0.089063 0.957407 0.107292 0.977778 0.132292 0.998148 0.248438 0.998148 0.251042 0.992593 0.254167 0.987037 0.252604 0.981481 0.251042 0.973148
25 0.029687 0.487963 0.039583 0.490741 0.044271 0.492593 0.048438 0.495370 0.047917 0.502778 0.045833 0.511111 0.044792 0.519444 0.043750 0.528704 0.036458 0.525926 0.031250 0.523148 0.027604 0.521296 0.025521 0.514815 0.025521 0.503704
27 0.066146 0.831481 0.069792 0.840741 0.078646 0.856481 0.083333 0.864815 0.087500 0.875000 0.108333 0.846296 0.117188 0.828704 0.110937 0.814815 0.100000 0.799074 0.087500 0.801852 0.077604 0.808333 0.068750 0.819444
33 0.176042 0.166667 0.177083 0.181481 0.203646 0.190741 0.251563 0.110185 0.220833 0.099074