33 0.355208 0.333333 0.336979 0.367593 0.321354 0.397222 0.319792 0.410185 0.327604 0.418519 0.346354 0.432407 0.361979 0.443519 0.377604 0.455556 0.413021 0.483333 0.440625 0.481481 0.454167 0.481481 0.478125 0.481481 0.492708 0.470370 0.491667 0.425926 0.485938 0.403704 0.476042 0.375926 0.469271 0.369444 0.463021 0.390741 0.458854 0.396296 0.447396 0.398148 0.438542 0.389815 0.432292 0.379630 0.429167 0.359259 0.427083 0.340741 0.426042 0.331481 0.379688 0.331481
33 0.428125 0.573148 0.422396 0.554630 0.417187 0.539815 0.400000 0.519444 0.389583 0.501852 0.380729 0.477778 0.363542 0.470370 0.351042 0.474074 0.339062 0.479630 0.319271 0.488889 0.305729 0.497222 0.294271 0.511111 0.293750 0.533333 0.300521 0.562037 0.302083 0.585185 0.309375 0.619444 0.317188 0.635185 0.332813 0.637963 0.344792 0.637037 0.358333 0.641667 0.365625 0.655556 0.375000 0.658333 0.394271 0.650000 0.409896 0.637037 0.426042 0.630556 0.437500 0.625926 0.435937 0.606481 0.429688 0.575000
23 0.442708 0.333333 0.434896 0.353704 0.433333 0.365741 0.435417 0.386111 0.443229 0.393519 0.453646 0.395370 0.459896 0.388889 0.464583 0.377778 0.467187 0.363889 0.462500 0.345370 0.457292 0.333333
23 0.210938 0.485185 0.207292 0.494444 0.205729 0.506481 0.207292 0.518519 0.211979 0.525926 0.222396 0.531481 0.233854 0.527778 0.239583 0.517593 0.241146 0.498148 0.235417 0.485185 0.229167 0.478704 0.218750 0.480556
27 0.588542 0.382407 0.626563 0.386111 0.600000 0.557407 0.554688 0.756481 0.531250 0.905556 0.506250 0.937037 0.485938 0.955556 0.480729 0.925926 0.479687 0.874074 0.497917 0.728704 0.542188 0.560185
24 0.364063 0.788889 0.367188 0.819444 0.372396 0.826852 0.382292 0.825926 0.392188 0.829630 0.407813 0.838889 0.414583 0.822222 0.404687 0.798148 0.396875 0.788889 0.383333 0.775000 0.377604 0.775000
31 0.279687 0.818519 0.277083 0.816667 0.276042 0.805556 0.280208 0.793519 0.290625 0.790741 0.297396 0.798148 0.293750 0.811111 0.292187 0.817593 0.293750 0.838889 0.293750 0.862037 0.291146 0.881481 0.281771 0.897222 0.268750 0.911111 0.256250 0.922222 0.245833 0.925926 0.232292 0.934259 0.209896 0.938889 0.188542 0.946296 0.195312 0.965741 0.209896 0.979630 0.206250 0.997222 0.157812 0.997222 0.157292 0.984259 0.142187 0.963889 0.119792 0.940741 0.084375 0.933333 0.043750 0.937963 0.009896 0.933333 0.000000 0.933333 0.000000 0.911111 0.044792 0.913889 0.091146 0.915741 0.134896 0.922222 0.156771 0.948148 0.169271 0.925926 0.185938 0.906481 0.210938 0.907407 0.236458 0.906481 0.260937 0.889815 0.279687 0.868519 0.283854 0.839815
30 0.184896 0.911111 0.186458 0.921296 0.192708 0.930556 0.205729 0.941667 0.236979 0.958333 0.217188 0.927778 0.201042 0.907407 0.194792 0.901852 0.187500 0.904630
23 0.770833 0.906481 0.767188 0.924074 0.769271 0.936111 0.780729 0.941667 0.791146 0.935185 0.801562 0.938889 0.813542 0.948148 0.823438 0.954630 0.838021 0.954630 0.855729 0.946296 0.871875 0.914815 0.878125 0.878704 0.874479 0.833333 0.865625 0.800926 0.859896 0.787037 0.853646 0.784259 0.846354 0.797222 0.842187 0.812963 0.841667 0.831481 0.841146 0.848148 0.840104 0.872222 0.838021 0.888889 0.826562 0.892593 0.811458 0.886111 0.803646 0.885185 0.792708 0.887963 0.783333 0.893519
23 0.648438 0.405556 0.650521 0.419444 0.654687 0.425926 0.655729 0.443519 0.656771 0.465741 0.659896 0.474074 0.669792 0.490741 0.678646 0.503704 0.691667 0.512963 0.705729 0.514815 0.726562 0.514815 0.740625 0.512037 0.750000 0.508333 0.753646 0.502778 0.753646 0.491667 0.750000 0.481481 0.741667 0.475926 0.732812 0.470370 0.713542 0.470370 0.703646 0.468519 0.691146 0.452778 0.687500 0.438889 0.681250 0.421296 0.678125 0.410185 0.675000 0.399074 0.664583 0.387963 0.652083 0.391667
23 0.878125 0.192593 0.872396 0.197222 0.870833 0.202778 0.870833 0.209259 0.872917 0.214815 0.875521 0.222222 0.880208 0.224074 0.885938 0.228704 0.895833 0.222222 0.898438 0.212963 0.894792 0.199074 0.887500 0.195370
23 0.950000 0.244444 0.946875 0.250926 0.944792 0.262037 0.948438 0.269444 0.953646 0.275000 0.963542 0.275000 0.972396 0.266667 0.973437 0.248148 0.969792 0.242593 0.961979 0.239815 0.955208 0.239815
26 0.522396 0.656481 0.517188 0.666667 0.501042 0.639815 0.492188 0.637963 0.479687 0.648148 0.466667 0.646296 0.447396 0.644444 0.433333 0.647222 0.416146 0.652778 0.405729 0.658333 0.388542 0.674074 0.377083 0.689815 0.361979 0.697222 0.344271 0.702778 0.315104 0.703704 0.301042 0.688889 0.288542 0.659259 0.283333 0.639815 0.257812 0.621296 0.230729 0.620370 0.227083 0.610185 0.232292 0.600000 0.233333 0.582407 0.242708 0.545370 0.251042 0.569444 0.259896 0.596296 0.279687 0.609259 0.288021 0.609259 0.304688 0.649074 0.319792 0.689815 0.336458 0.687963 0.355729 0.684259 0.377083 0.662963 0.400521 0.648148 0.420833 0.637037 0.439063 0.630556 0.461458 0.627778 0.471354 0.624074 0.497396 0.619444 0.510938 0.625926
31 0.545833 0.306481 0.546354 0.314815 0.542188 0.320370 0.535417 0.319444 0.531250 0.307407 0.526042 0.287963 0.527083 0.270370 0.534375 0.258333 0.545833 0.253704 0.564583 0.253704 0.581250 0.253704 0.584896 0.247222 0.600521 0.241667 0.602083 0.250926 0.603646 0.257407 0.608854 0.261111 0.609896 0.268519 0.609896 0.273148 0.612500 0.281481 0.609896 0.290741 0.608333 0.297222 0.607292 0.304630 0.605208 0.316667 0.604167 0.321296 0.603646 0.335185 0.610938 0.350926 0.622396 0.360185 0.614062 0.365741 0.601042 0.366667 0.593750 0.364815 0.588021 0.359259 0.580208 0.352778 0.582812 0.366667 0.576042 0.380556 0.559375 0.387963 0.551042 0.378704 0.544792 0.375926 0.539583 0.370370 0.535937 0.362963 0.536979 0.347222 0.542188 0.336111 0.550521 0.330556 0.557292 0.324074 0.564583 0.313889 0.568750 0.308333 0.575000 0.283333 0.576562 0.270370 0.569792 0.268519 0.563542 0.268519 0.547396 0.270370 0.538542 0.275000 0.534375 0.281481 0.536458 0.292593 0.542188 0.303704
27 0.076042 0.336111 0.068229 0.366667 0.069271 0.378704 0.164583 0.314815 0.161458 0.305556 0.145313 0.302778 0.132812 0.303704
27 0.207292 0.271296 0.201042 0.299074 0.209375 0.305556 0.237500 0.292593 0.242708 0.286111 0.256771 0.272222 0.245312 0.263889 0.235417 0.262963
23 0.292187 0.048148 0.289583 0.058333 0.290625 0.070370 0.305208 0.067593 0.316146 0.063889 0.336979 0.063889 0.353646 0.068519 0.360938 0.081481 0.368750 0.089815 0.378646 0.087963 0.382292 0.077778 0.377083 0.059259 0.366146 0.044444 0.353646 0.033333 0.342708 0.029630 0.327604 0.028704 0.307292 0.035185
23 0.493229 0.102778 0.519271 0.104630 0.552604 0.098148 0.580729 0.088889 0.589583 0.065741 0.579688 0.050000 0.563542 0.050926 0.540625 0.065741 0.513542 0.063889 0.493750 0.063889 0.479687 0.047222 0.467187 0.048148 0.464062 0.061111 0.472396 0.082407