23 0.218229 0.512963 0.214583 0.519444 0.213542 0.529630 0.215625 0.537963 0.220312 0.539815 0.225521 0.540741 0.237500 0.543519 0.250521 0.547222 0.269792 0.544444 0.281771 0.539815 0.293750 0.526852 0.307292 0.522222 0.315104 0.511111 0.323958 0.501852 0.333333 0.492593 0.342708 0.486111 0.351562 0.484259 0.357292 0.475926 0.360938 0.460185 0.356771 0.453704 0.351042 0.446296 0.343750 0.442593 0.332813 0.441667 0.323958 0.445370 0.313542 0.452778 0.306250 0.462037 0.294271 0.475926 0.277604 0.488889 0.260937 0.503704 0.241667 0.509259 0.228125 0.511111
23 0.834375 0.998148 0.843750 0.996296 0.853646 0.983333 0.859375 0.963889 0.858854 0.936111 0.853125 0.924074 0.842708 0.911111 0.827083 0.908333 0.814583 0.916667 0.804167 0.937963 0.804688 0.969444 0.810937 0.987963 0.819792 0.997222
27 0.543750 0.137963 0.545833 0.160185 0.547396 0.173148 0.548958 0.193519 0.543750 0.208333 0.478646 0.187037 0.394792 0.175000 0.304167 0.162963 0.275521 0.142593 0.260937 0.139815 0.242708 0.147222 0.179688 0.119444 0.177083 0.111111 0.188542 0.055556 0.214062 0.037963 0.248438 0.044444 0.282813 0.039815 0.297396 0.055556 0.365104 0.080556 0.417708 0.093519 0.489583 0.108333 0.542188 0.128704
23 0.015104 0.130556 0.012500 0.137963 0.014063 0.144444 0.017188 0.148148 0.023438 0.148148 0.027604 0.146296 0.036458 0.142593 0.048438 0.139815 0.059375 0.136111 0.069792 0.133333 0.079687 0.127778 0.081771 0.117593 0.081250 0.110185 0.077604 0.105556 0.073438 0.103704 0.069271 0.105556 0.051042 0.111111 0.042188 0.112963 0.028125 0.117593
23 0.981250 0.432407 0.983333 0.440741 0.983333 0.445370 0.979688 0.448148 0.974479 0.447222 0.963542 0.437037 0.957292 0.433333 0.951042 0.433333 0.941667 0.432407 0.931250 0.424074 0.919271 0.412963 0.908854 0.402778 0.895833 0.389815 0.883333 0.378704 0.878646 0.370370 0.877604 0.361111 0.879687 0.350000 0.883854 0.346296 0.893750 0.349074 0.902083 0.358333 0.907292 0.370370 0.918229 0.380556 0.926042 0.386111 0.934375 0.387963 0.944271 0.395370 0.952083 0.402778 0.958854 0.406481 0.970313 0.412037 0.976562 0.419444
27 0.394271 0.152778 0.403646 0.154630 0.415104 0.155556 0.421354 0.152778 0.426042 0.148148 0.430729 0.144444 0.433333 0.143519 0.429167 0.155556 0.421354 0.172222 0.417187 0.189815 0.402083 0.200000 0.389062 0.200000 0.382292 0.190741 0.378646 0.187037 0.375521 0.187037 0.370312 0.190741
42 0.509896 0.325000 0.510938 0.331481 0.513542 0.337037 0.517708 0.345370 0.521875 0.350000 0.530208 0.354630 0.538542 0.361111 0.548438 0.366667 0.553646 0.371296 0.558333 0.374074 0.565625 0.378704 0.569792 0.375000 0.569792 0.369444 0.567187 0.363889 0.552083 0.351852 0.528125 0.331481 0.515104 0.322222 0.511979 0.320370
42 0.466146 0.319444 0.468750 0.322222 0.470833 0.328704 0.471354 0.335185 0.469792 0.341667 0.460938 0.344444 0.450521 0.348148 0.441146 0.350000 0.429688 0.350000 0.418229 0.350926 0.404687 0.348148 0.393750 0.350926 0.383333 0.355556 0.369792 0.361111 0.348438 0.368519 0.338542 0.373148 0.326562 0.384259 0.317188 0.395370 0.308333 0.403704 0.301042 0.406481 0.297396 0.404630 0.297917 0.393519 0.283333 0.381481 0.289583 0.370370 0.295833 0.366667 0.307812 0.362963 0.318750 0.362037 0.331250 0.351852 0.344792 0.346296 0.360938 0.340741 0.372396 0.337037 0.385417 0.335185 0.402083 0.330556 0.417708 0.327778 0.430729 0.326852 0.444792 0.325000 0.452083 0.324074
27 0.857812 0.139815 0.854167 0.148148 0.853125 0.164815 0.853125 0.191667 0.851562 0.217593 0.855208 0.231481 0.861458 0.234259 0.868750 0.233333 0.869792 0.203704 0.869271 0.184259 0.868750 0.157407
23 0.470833 0.126852 0.459896 0.126852 0.453646 0.119444 0.454167 0.108333 0.460938 0.100926 0.468750 0.099074 0.479167 0.103704 0.480729 0.119444
23 0.466667 0.200926 0.457292 0.203704 0.450000 0.193519 0.449479 0.175926 0.454688 0.163889 0.463542 0.160185 0.470833 0.170370 0.473958 0.186111
46 0.787500 0.420370 0.795833 0.450926 0.819792 0.462037 0.847396 0.464815 0.851042 0.457407 0.831250 0.375000 0.823438 0.375000 0.797917 0.402778
23 0.765625 0.148148 0.754687 0.144444 0.746354 0.141667 0.742188 0.130556 0.747396 0.117593 0.759896 0.123148 0.774479 0.125926 0.790104 0.133333 0.798438 0.139815 0.801042 0.153704 0.797396 0.162963 0.783333 0.152778 0.770833 0.150000
23 0.781771 0.075000 0.763021 0.072222 0.756771 0.063889 0.757292 0.054630 0.772396 0.053704 0.786979 0.053704 0.798958 0.062037 0.804688 0.072222 0.804167 0.081481 0.792708 0.077778
23 0.848437 0.084259 0.839583 0.075926 0.829688 0.066667 0.832812 0.055556 0.841667 0.055556 0.857812 0.063889 0.872396 0.078704 0.877083 0.095370 0.872396 0.107407 0.864583 0.097222 0.853646 0.084259
27 0.605729 0.352778 0.594792 0.357407 0.583333 0.350926 0.584375 0.328704 0.589583 0.314815 0.594792 0.300000 0.607292 0.305556 0.616146 0.313889 0.609896 0.300000 0.617188 0.282407 0.628125 0.275000 0.636979 0.282407 0.633333 0.290741 0.640625 0.297222 0.634375 0.300926 0.635938 0.319444 0.642188 0.325926 0.644792 0.339815 0.637500 0.359259 0.629687 0.360185 0.619271 0.358333 0.612500 0.352778