27 0.361979 0.525926 0.368750 0.537963 0.371875 0.555556 0.373958 0.584259 0.375521 0.600926 0.373437 0.614815 0.366146 0.628704 0.340104 0.626852 0.309375 0.617593 0.288542 0.610185 0.257292 0.601852 0.229687 0.590741 0.191146 0.584259 0.202083 0.555556 0.197917 0.555556 0.188021 0.563889 0.182292 0.567593 0.176042 0.568519 0.167187 0.567593 0.156250 0.562037 0.144271 0.577778 0.092708 0.562037 0.045833 0.535185 0.000000 0.508333 0.000000 0.366667 0.013021 0.375000 0.029687 0.390741 0.041667 0.406481 0.058854 0.413889 0.085938 0.422222 0.102604 0.422222 0.132292 0.425926 0.160938 0.435185 0.193229 0.455556 0.230729 0.475000 0.250000 0.473148 0.281250 0.482407 0.316146 0.503704
27 0.154167 0.559259 0.167187 0.567593 0.176563 0.567593 0.183333 0.564815 0.189062 0.562963 0.197396 0.554630 0.204687 0.555556 0.189062 0.589815 0.178646 0.615741 0.170313 0.644444 0.151562 0.652778 0.129688 0.658333 0.122917 0.656481 0.127604 0.639815 0.122917 0.631481 0.118750 0.630556 0.113542 0.637963 0.108333 0.639815
23 0.867188 0.950926 0.862500 0.934259 0.861979 0.917593 0.865104 0.906481 0.874479 0.900926 0.892708 0.911111 0.910937 0.946296 0.926042 0.979630 0.930208 0.997222 0.893750 0.996296 0.891667 0.981481 0.885938 0.973148 0.875000 0.957407
27 0.831771 0.407407 0.833333 0.443519 0.832292 0.468519 0.831250 0.502778 0.830729 0.537037 0.829688 0.566667 0.831250 0.583333 0.833333 0.596296 0.848437 0.601852 0.860938 0.592593 0.868229 0.557407 0.869271 0.525000 0.869792 0.481481 0.866667 0.455556 0.857292 0.424074 0.848958 0.409259 0.839583 0.402778
23 0.693750 0.239815 0.692187 0.251852 0.702083 0.258333 0.714063 0.261111 0.725521 0.269444 0.742188 0.277778 0.753125 0.283333 0.763542 0.286111 0.769792 0.284259 0.772396 0.280556 0.769792 0.271296 0.764062 0.263889 0.758333 0.259259 0.747396 0.255556 0.741667 0.252778 0.729688 0.248148 0.719271 0.241667 0.713021 0.239815 0.702083 0.235185
23 0.641146 0.390741 0.637500 0.392593 0.638542 0.399074 0.642188 0.410185 0.652083 0.412963 0.659896 0.411111 0.667708 0.411111 0.678646 0.416667 0.685417 0.423148 0.691667 0.429630 0.695833 0.433333 0.702083 0.435185 0.713542 0.433333 0.719792 0.430556 0.726042 0.433333 0.734896 0.439815 0.741146 0.444444 0.745833 0.448148 0.752083 0.450926 0.756771 0.450926 0.760938 0.446296 0.761979 0.434259 0.756771 0.422222 0.747917 0.416667 0.734375 0.412037 0.729167 0.409259 0.723958 0.409259 0.717187 0.412963 0.708333 0.411111 0.697396 0.405556 0.691146 0.400926 0.684896 0.395370 0.678646 0.389815 0.668750 0.388889 0.651563 0.387963
27 0.972917 0.435185 0.993750 0.437037 0.989062 0.450000 0.983333 0.458333 0.978125 0.471296 0.973437 0.477778 0.967187 0.484259 0.961458 0.497222 0.958854 0.509259 0.954688 0.519444 0.951042 0.522222 0.947917 0.512037 0.950000 0.497222 0.952083 0.483333 0.955208 0.473148 0.960938 0.462037 0.966146 0.453704
23 0.253125 0.524074 0.243229 0.519444 0.236458 0.508333 0.232292 0.489815 0.237500 0.475926 0.250521 0.473148 0.263021 0.478704 0.272396 0.487963 0.273438 0.505556 0.266667 0.519444 0.256250 0.524074
23 0.221354 0.597222 0.216667 0.612963 0.216146 0.636111 0.221354 0.652778 0.234896 0.655556 0.246875 0.645370 0.252083 0.624074 0.252604 0.605556 0.240625 0.589815 0.231771 0.588889
27 0.422396 0.941667 0.412500 0.930556 0.414583 0.913889 0.418750 0.888889 0.409375 0.884259 0.400521 0.912963 0.393229 0.957407 0.390625 0.988889 0.395833 0.999074 0.459896 0.999074 0.473438 0.960185 0.457813 0.944444 0.460938 0.916667 0.464583 0.888889 0.475000 0.861111 0.473438 0.836111 0.454688 0.833333 0.439583 0.839815 0.427604 0.862037 0.429688 0.897222 0.426563 0.925926
23 0.825000 0.273148 0.833333 0.281481 0.844271 0.288889 0.850000 0.292593 0.857292 0.298148 0.860938 0.290741 0.854688 0.275000 0.842708 0.261111 0.830729 0.251852 0.817708 0.250926 0.808333 0.252778 0.807292 0.262037 0.816146 0.266667