23 0.833854 0.980556 0.832292 0.989815 0.824479 0.994444 0.819271 0.992593 0.813021 0.985185 0.805208 0.968519 0.796354 0.944444 0.785937 0.919444 0.778646 0.909259 0.767188 0.901852 0.760938 0.902778 0.760938 0.870370 0.768750 0.868519 0.775521 0.867593 0.784896 0.870370 0.790625 0.875926 0.798438 0.887037 0.802604 0.897222 0.807292 0.908333 0.813542 0.917593 0.820312 0.928704 0.825000 0.944444 0.829688 0.954630 0.831771 0.967593
46 0.750521 0.832407 0.754687 0.841667 0.759896 0.857407 0.760938 0.874074 0.760938 0.902778 0.761458 0.919444 0.750000 0.931481 0.744792 0.937037 0.734896 0.929630 0.728125 0.924074 0.723437 0.915741 0.721354 0.908333 0.720833 0.897222 0.719271 0.887037 0.714063 0.877778 0.709896 0.870370 0.708854 0.862037 0.710938 0.856481 0.721875 0.852778 0.727083 0.850926 0.733854 0.844444 0.738021 0.839815 0.744792 0.834259
25 0.512500 0.323148 0.509896 0.309259 0.509375 0.295370 0.508333 0.279630 0.505729 0.268519 0.502083 0.260185 0.502083 0.253704 0.504167 0.248148 0.508854 0.244444 0.511458 0.242593 0.515104 0.244444 0.518750 0.248148 0.520833 0.253704 0.523958 0.257407 0.528125 0.262037 0.535937 0.262037 0.545312 0.267593 0.553646 0.276852 0.560937 0.292593 0.564583 0.312963 0.568750 0.335185 0.571875 0.352778 0.571875 0.357407 0.569271 0.359259 0.564583 0.361111 0.560417 0.362037 0.558333 0.362037 0.558333 0.357407 0.557813 0.350926 0.556250 0.345370 0.553646 0.340741 0.551042 0.330556 0.547917 0.322222 0.544792 0.319444 0.541146 0.316667 0.534896 0.312963 0.527083 0.312963 0.522396 0.314815 0.516667 0.322222
25 0.378125 0.722222 0.382292 0.704630 0.388542 0.687963 0.396875 0.695370 0.404687 0.702778 0.416146 0.703704 0.420833 0.709259 0.436458 0.719444 0.445833 0.728704 0.453646 0.736111 0.457292 0.748148 0.455729 0.757407 0.450521 0.768519 0.448437 0.781481 0.442188 0.785185 0.436979 0.778704 0.433333 0.772222 0.425521 0.764815 0.419792 0.760185 0.414583 0.755556 0.408854 0.750926 0.404167 0.748148 0.406250 0.737037 0.410938 0.737037 0.416667 0.738889 0.423438 0.742593 0.428125 0.744444 0.434896 0.746296 0.438021 0.748148 0.442188 0.746296 0.438542 0.741667 0.433854 0.738889 0.426042 0.735185 0.419792 0.730556 0.411458 0.726852 0.406250 0.724074 0.396354 0.724074 0.391146 0.723148 0.380208 0.722222
33 0.389583 0.968519 0.353125 0.992593 0.339583 0.997222 0.308333 0.997222 0.291146 0.961111 0.277083 0.900000 0.268229 0.865741 0.267708 0.819444 0.329688 0.770370 0.333333 0.774074 0.333333 0.781481 0.332292 0.789815 0.337500 0.797222 0.338542 0.801852 0.346354 0.811111 0.351042 0.823148 0.353646 0.833333 0.353646 0.843519 0.354167 0.850926 0.359896 0.862963 0.362500 0.866667 0.370833 0.872222 0.372917 0.879630 0.372396 0.886111 0.374479 0.895370 0.378646 0.904630 0.386458 0.924074 0.389583 0.937037 0.389583 0.950926
23 0.000000 0.795370 0.000000 0.912963 0.012500 0.931481 0.038542 0.945370 0.067187 0.948148 0.095833 0.934259 0.111458 0.919444 0.115625 0.907407 0.113542 0.895370 0.108333 0.880556 0.100521 0.875926 0.093229 0.875926 0.082812 0.877778 0.075000 0.880556 0.056771 0.885185 0.038542 0.879630 0.020833 0.866667 0.019792 0.857407 0.022396 0.835185 0.023958 0.819444 0.022396 0.806481 0.020313 0.791667 0.015625 0.783333 0.009375 0.781481 0.005208 0.781481
23 0.010937 0.707407 0.015104 0.725926 0.022396 0.740741 0.034896 0.752778 0.050521 0.745370 0.065625 0.733333 0.078646 0.722222 0.088021 0.714815 0.093750 0.713889 0.097917 0.722222 0.100000 0.737963 0.100000 0.750000 0.103125 0.763889 0.110937 0.768519 0.117188 0.757407 0.123438 0.744444 0.122396 0.722222 0.121354 0.714815 0.118750 0.692593 0.116146 0.668519 0.109896 0.653704 0.100521 0.655556 0.092188 0.659259 0.083333 0.663889 0.076042 0.673148 0.069792 0.677778 0.063542 0.682407 0.055729 0.686111 0.047917 0.688889 0.041146 0.694444 0.041146 0.688889 0.042188 0.681481 0.042188 0.666667 0.041667 0.659259 0.033333 0.652778 0.029167 0.654630 0.025521 0.655556 0.022917 0.659259 0.022396 0.663889 0.021875 0.671296 0.018229 0.682407 0.016667 0.690741 0.014583 0.700000
29 0.000000 0.001852 0.000521 0.133333 0.027083 0.115741 0.098437 0.103704 0.172396 0.069444 0.252083 0.057407 0.342708 0.048148 0.348438 0.044444 0.353125 0.031481 0.359896 0.025926 0.369792 0.027778 0.374479 0.037963 0.380208 0.057407 0.396875 0.070370 0.438542 0.068519 0.467187 0.062037 0.489583 0.057407 0.510417 0.057407 0.534375 0.053704 0.544271 0.044444 0.561979 0.043519 0.604688 0.045370 0.617708 0.054630 0.653646 0.065741 0.682292 0.059259 0.727083 0.059259 0.747396 0.062037 0.792188 0.068519 0.821875 0.077778 0.858854 0.070370 0.892188 0.066667 0.909896 0.072222 0.943229 0.063889 0.998958 0.063889 0.998958 0.000000
23 0.359896 0.025926 0.353125 0.030556 0.351562 0.035185 0.350000 0.044444 0.350000 0.055556 0.351042 0.063889 0.356250 0.070370 0.363021 0.070370 0.369792 0.068519 0.374479 0.064815 0.377083 0.052778 0.376563 0.043519 0.374479 0.036111 0.370833 0.028704 0.364583 0.024074
25 0.092708 0.136111 0.093229 0.141667 0.101562 0.146296 0.109375 0.146296 0.114583 0.148148 0.123958 0.150926 0.131771 0.147222 0.141146 0.141667 0.145313 0.137037 0.152083 0.131481 0.158333 0.125926 0.161458 0.122222 0.164583 0.116667 0.166146 0.109259 0.164062 0.100000 0.158854 0.092593 0.154167 0.090741 0.148438 0.091667 0.141146 0.096296 0.131250 0.104630 0.122917 0.111111 0.115625 0.114815 0.107292 0.121296 0.101042 0.126852
27 0.998437 0.228704 0.998958 0.308333 0.984896 0.299074 0.978646 0.290741 0.970313 0.286111 0.958333 0.286111 0.941146 0.281481 0.905208 0.263889 0.883333 0.246296 0.881250 0.242593 0.877604 0.238889 0.877604 0.230556 0.879687 0.222222 0.882812 0.212963 0.888542 0.204630 0.891667 0.195370 0.898958 0.192593 0.907292 0.194444 0.914583 0.195370 0.923958 0.196296 0.929167 0.194444 0.936979 0.193519 0.947917 0.198148 0.962500 0.204630 0.982812 0.218519
22 0.560417 0.221296 0.533333 0.224074 0.516146 0.212963 0.509896 0.187037 0.523438 0.164815 0.540104 0.146296 0.550000 0.119444 0.559896 0.104630 0.569792 0.092593 0.585938 0.095370 0.595833 0.101852 0.593229 0.120370 0.610417 0.122222 0.634896 0.112037 0.659896 0.117593 0.662500 0.143519 0.675000 0.163889 0.668229 0.188889 0.646354 0.194444 0.633333 0.207407 0.614062 0.222222 0.590104 0.218519 0.573438 0.218519