8 0.179167 0.687963 0.173437 0.722222 0.175000 0.775926 0.192188 0.828704 0.228646 0.869444 0.290625 0.880556 0.353125 0.863889 0.402604 0.819444 0.434375 0.757407 0.444271 0.701852 0.441667 0.650000 0.434375 0.600000 0.413542 0.571296 0.377083 0.538889 0.333854 0.536111 0.300521 0.540741 0.248438 0.562037 0.212500 0.601852 0.193229 0.639815
26 0.314583 0.538889 0.313021 0.608333 0.314583 0.648148 0.314583 0.697222 0.317708 0.716667 0.340625 0.706481 0.340104 0.678704 0.335938 0.649074 0.335938 0.619444 0.336979 0.584259 0.334896 0.533333
30 0.559375 0.708333 0.516146 0.740741 0.507292 0.724074 0.516146 0.648148 0.529687 0.550000 0.536979 0.509259 0.539062 0.475926 0.542708 0.438889 0.548438 0.414815 0.555208 0.411111 0.558854 0.412037 0.563542 0.414815 0.567187 0.412963 0.570312 0.414815 0.572917 0.422222 0.581250 0.437037 0.582292 0.452778 0.585938 0.473148 0.586979 0.506481 0.582292 0.544444 0.575521 0.588889 0.569792 0.618519 0.564583 0.637037 0.563021 0.647222 0.558854 0.683333
26 0.564063 0.648148 0.571354 0.657407 0.568750 0.662037 0.559896 0.659259 0.542708 0.650000 0.517708 0.627778 0.504167 0.612963 0.494271 0.603704 0.489063 0.606481 0.484896 0.625926 0.481250 0.641667 0.476042 0.658333 0.473958 0.666667 0.469792 0.673148 0.459896 0.679630 0.453646 0.679630 0.448437 0.679630 0.449479 0.686111 0.451042 0.690741 0.460938 0.688889 0.471875 0.684259 0.477604 0.673148 0.482812 0.648148 0.489063 0.629630 0.492708 0.613889 0.495833 0.613889 0.506250 0.624074 0.514062 0.634259 0.529167 0.647222 0.548958 0.662963 0.563021 0.668519 0.573438 0.669444 0.577083 0.664815 0.576562 0.659259 0.573438 0.652778 0.568750 0.646296 0.565104 0.642593
25 0.264062 0.884259 0.269271 0.891667 0.275000 0.908333 0.282292 0.935185 0.282813 0.956481 0.276562 0.966667 0.235937 0.999074 0.159375 0.998148 0.167708 0.987963 0.176042 0.973148 0.180729 0.957407 0.184375 0.939815
1 0.331250 0.998148 0.265104 0.998148 0.266667 0.990741 0.270833 0.975000 0.277083 0.967593 0.283333 0.957407 0.298438 0.938889 0.306771 0.934259 0.313542 0.932407 0.317708 0.938889 0.326042 0.954630 0.329688 0.962037 0.334896 0.969444 0.335417 0.977778 0.334896 0.990741
23 0.793229 0.513889 0.806250 0.517593 0.817187 0.525000 0.830729 0.531481 0.848958 0.532407 0.861979 0.530556 0.871354 0.535185 0.875000 0.549074 0.875000 0.562037 0.872396 0.573148 0.866667 0.580556 0.858333 0.577778 0.845833 0.577778 0.837500 0.578704 0.823438 0.571296 0.808854 0.562037 0.798438 0.552778 0.789583 0.537037 0.786979 0.524074 0.789583 0.514815
23 0.694792 0.524074 0.706771 0.525000 0.712500 0.528704 0.721354 0.535185 0.729688 0.541667 0.740625 0.545370 0.748958 0.544444 0.755729 0.547222 0.759896 0.554630 0.757292 0.563889 0.752083 0.569444 0.740104 0.568519 0.732812 0.568519 0.725000 0.571296 0.717708 0.567593 0.711458 0.555556 0.705208 0.552778 0.697396 0.549074 0.691667 0.537963 0.691667 0.532407
27 0.744271 0.255556 0.744792 0.307407 0.691146 0.350000 0.636979 0.310185 0.641146 0.240741 0.668750 0.212963 0.677083 0.149074 0.683854 0.151852 0.686458 0.186111 0.692708 0.187037 0.708333 0.170370 0.721354 0.172222 0.739062 0.178704 0.733333 0.195370 0.726562 0.209259 0.728646 0.224074 0.729688 0.244444
33 0.389583 0.457407 0.366146 0.499074 0.367188 0.509259 0.408854 0.509259 0.432292 0.466667
25 0.003646 0.711111 0.023438 0.692593 0.098437 0.661111 0.102604 0.695370 0.097396 0.722222 0.083854 0.739815 0.040625 0.763889 0.000521 0.766667
31 0.356771 0.965741 0.351562 0.975000 0.348958 0.988889 0.348958 0.992593 0.348438 0.999074 0.356250 0.997222 0.356771 0.988889 0.358333 0.980556 0.363542 0.973148 0.367188 0.970370 0.374479 0.968519 0.382292 0.966667 0.392188 0.962037 0.401562 0.955556 0.408854 0.950926 0.422396 0.945370 0.436979 0.937963 0.444792 0.930556 0.444271 0.922222 0.435417 0.925926 0.425000 0.933333 0.410938 0.940741 0.396875 0.945370 0.386979 0.952778 0.367708 0.954630 0.359896 0.960185
30 0.430729 0.863889 0.425521 0.868519 0.418750 0.873148 0.417187 0.879630 0.419271 0.881481 0.419792 0.890741 0.426042 0.898148 0.433333 0.901852 0.441146 0.900000 0.446354 0.895370 0.447396 0.884259 0.448958 0.877778 0.448437 0.868519 0.444792 0.862037 0.437500 0.862037
25 0.094271 0.849074 0.098958 0.835185 0.108333 0.822222 0.114583 0.812963 0.113542 0.802778 0.108333 0.795370 0.102604 0.793519 0.094271 0.804630 0.084896 0.810185 0.072917 0.815741 0.067187 0.825000 0.072917 0.832407 0.078646 0.830556 0.080729 0.842593 0.088021 0.843519 0.091146 0.850926
25 0.057813 0.946296 0.074479 0.942593 0.071875 0.933333 0.071354 0.912963 0.070833 0.891667 0.069271 0.875000 0.063542 0.874074 0.055208 0.875926 0.051042 0.883333 0.053646 0.903704 0.055208 0.925000 0.055208 0.941667
25 0.154688 0.948148 0.158333 0.961111 0.169792 0.951852 0.173437 0.938889 0.172396 0.923148 0.172396 0.902778 0.176563 0.898148 0.184896 0.911111 0.188542 0.925926 0.184896 0.944444 0.179688 0.967593 0.169792 0.981481 0.157812 0.980556 0.147917 0.973148 0.141146 0.959259 0.139583 0.940741 0.143750 0.926852 0.148958 0.926852 0.152083 0.941667
26 0.155729 0.870370 0.149479 0.868519 0.142187 0.862037 0.141146 0.850926 0.143750 0.843519 0.155208 0.850000 0.170833 0.844444 0.175521 0.827778 0.173437 0.809259 0.169792 0.795370 0.173437 0.784259 0.178646 0.787963 0.187500 0.813889 0.194792 0.831481 0.206250 0.844444 0.223438 0.860185 0.229687 0.871296 0.219792 0.875926 0.205729 0.868519 0.200000 0.871296 0.191146 0.892593 0.182292 0.894444 0.172396 0.895370 0.164583 0.898148 0.159896 0.887963 0.159375 0.878704
31 0.097917 0.744444 0.091146 0.751852 0.077604 0.757407 0.071875 0.750000 0.088021 0.736111 0.104167 0.712963 0.114062 0.703704 0.139063 0.690741 0.152083 0.674074 0.170833 0.655556 0.179688 0.649074 0.179167 0.657407 0.174479 0.670370 0.163542 0.682407 0.151042 0.699074 0.133854 0.712963 0.119792 0.715741 0.110937 0.711111 0.105208 0.713889 0.103125 0.722222 0.105729 0.732407 0.102083 0.739815