25 0.337500 0.555556 0.341146 0.562037 0.343229 0.573148 0.344792 0.588889 0.345833 0.603704 0.347396 0.625000 0.337500 0.634259 0.320833 0.641667 0.304688 0.648148 0.291146 0.654630 0.279687 0.657407 0.253646 0.657407 0.228125 0.658333 0.202083 0.662037 0.200000 0.662037 0.198437 0.645370 0.203646 0.641667 0.220833 0.634259 0.235417 0.622222 0.246875 0.608333 0.259896 0.591667 0.270833 0.584259 0.290104 0.575926 0.314583 0.563889
1 0.346875 0.625000 0.354167 0.619444 0.372917 0.612037 0.377604 0.620370 0.382812 0.630556 0.387500 0.641667 0.390104 0.652778 0.392188 0.662963 0.391146 0.670370 0.386458 0.680556 0.376042 0.688889 0.362500 0.700000 0.349479 0.713889 0.334896 0.717593 0.325000 0.722222 0.317188 0.714815 0.312500 0.708333 0.309896 0.699074 0.309375 0.688889 0.309375 0.680556 0.311979 0.665741 0.316146 0.652778 0.326042 0.641667 0.335417 0.633333
8 0.517188 0.333333 0.529687 0.348148 0.537500 0.370370 0.541146 0.400000 0.540104 0.448148 0.527604 0.503704 0.502083 0.540741 0.471875 0.562037 0.410417 0.577778 0.363021 0.564815 0.321875 0.546296 0.291146 0.512037 0.278125 0.468519 0.273958 0.427778 0.280208 0.386111 0.292708 0.344444 0.316146 0.324074 0.351562 0.306481 0.393750 0.297222 0.421875 0.297222 0.468229 0.306481 0.495833 0.317593
26 0.444792 0.412037 0.420833 0.417593 0.419792 0.411111 0.422396 0.392593 0.427083 0.348148 0.433333 0.286111 0.439583 0.283333 0.456771 0.284259 0.457292 0.300926 0.454688 0.333333 0.450000 0.384259
30 0.639062 0.522222 0.625000 0.529630 0.612500 0.533333 0.604688 0.532407 0.600000 0.529630 0.595833 0.523148 0.597396 0.500000 0.610938 0.450926 0.618750 0.423148 0.637500 0.356481 0.651042 0.304630 0.655729 0.270370 0.659896 0.247222 0.663542 0.240741 0.666146 0.237963 0.670312 0.237037 0.677083 0.237963 0.679688 0.237963 0.688542 0.244444 0.691667 0.256481 0.696875 0.273148 0.700000 0.289815 0.698438 0.316667 0.697396 0.341667 0.689583 0.384259 0.680729 0.412963 0.667188 0.446296 0.658333 0.473148 0.647396 0.495370
26 0.660417 0.471296 0.662500 0.466667 0.664583 0.463889 0.668750 0.468519 0.670833 0.476852 0.672396 0.487037 0.668750 0.490741 0.661458 0.488889 0.652604 0.479630 0.640625 0.466667 0.626042 0.447222 0.613542 0.429630 0.606250 0.417593 0.602083 0.412963 0.600000 0.412963 0.598437 0.428704 0.596354 0.437963 0.592708 0.448148 0.585938 0.459259 0.575521 0.470370 0.564583 0.476852 0.557292 0.479630 0.548958 0.475926 0.541146 0.470370 0.538542 0.460185 0.541146 0.455556 0.543750 0.457407 0.546875 0.462037 0.553646 0.465741 0.559375 0.467593 0.564583 0.466667 0.576562 0.458333 0.586458 0.444444 0.591146 0.436111 0.593750 0.423148 0.594792 0.411111 0.596875 0.403704 0.601042 0.403704 0.607292 0.411111 0.615104 0.422222 0.628646 0.441667 0.639583 0.454630 0.648438 0.463889 0.657813 0.472222 0.662500 0.477778 0.666146 0.479630 0.664583 0.475000 0.663021 0.473148
29 0.981250 0.990741 0.989583 0.907407 0.971354 0.866667 0.930729 0.852778 0.879687 0.841667 0.860938 0.820370 0.833854 0.811111 0.803646 0.808333 0.772917 0.806481 0.734896 0.804630 0.706771 0.800000 0.667188 0.793519 0.625000 0.806481 0.589583 0.834259 0.569792 0.868519 0.558333 0.923148 0.553646 0.975000 0.553646 0.992593 0.552604 0.998148 0.578125 0.997222 0.576562 0.975000 0.579167 0.944444 0.583333 0.919444 0.588021 0.896296 0.598437 0.879630 0.614062 0.868519 0.629167 0.855556 0.643750 0.844444 0.659896 0.837037 0.683333 0.830556 0.693750 0.829630 0.703646 0.829630 0.710938 0.837037 0.715104 0.857407 0.712500 0.876852 0.708854 0.890741 0.697396 0.901852 0.670833 0.908333 0.657292 0.911111 0.639583 0.922222 0.636979 0.934259 0.638021 0.946296 0.659896 0.956481 0.679688 0.952778 0.689583 0.957407 0.701042 0.970370 0.707292 0.997222 0.966146 0.997222 0.976042 0.997222
23 0.813021 0.416667 0.823438 0.418519 0.832292 0.424074 0.836458 0.433333 0.839583 0.441667 0.844792 0.448148 0.852083 0.451852 0.861458 0.462037 0.866667 0.469444 0.863021 0.475000 0.853646 0.475926 0.844792 0.475926 0.836458 0.470370 0.826562 0.455556 0.821354 0.445370 0.815625 0.439815 0.809896 0.437037 0.807292 0.434259 0.806771 0.428704 0.807292 0.422222
23 0.911979 0.439815 0.918229 0.443519 0.928646 0.454630 0.943229 0.461111 0.960417 0.466667 0.977083 0.473148 0.988542 0.489815 0.990104 0.506481 0.984896 0.525926 0.976042 0.525926 0.961458 0.519444 0.947396 0.515741 0.934896 0.511111 0.920312 0.498148 0.910937 0.487037 0.906250 0.475926 0.903646 0.462037 0.903125 0.452778 0.905729 0.441667
27 0.902083 0.201852 0.898438 0.257407 0.841667 0.274074 0.787500 0.210185 0.802604 0.139815 0.828125 0.135185 0.839583 0.100000 0.847917 0.103704 0.862500 0.130556 0.876042 0.140741 0.881250 0.143519 0.884375 0.163889 0.886979 0.189815
23 0.895312 0.929630 0.901042 0.935185 0.903646 0.939815 0.905729 0.948148 0.906250 0.957407 0.903125 0.966667 0.900000 0.971296 0.895833 0.971296 0.891146 0.967593 0.887500 0.966667 0.881250 0.958333 0.877083 0.951852 0.877083 0.943519 0.879687 0.935185 0.883333 0.931481 0.887500 0.928704
31 0.409375 0.680556 0.414062 0.672222 0.422396 0.665741 0.430729 0.668519 0.443229 0.669444 0.454688 0.666667 0.464583 0.663889 0.476042 0.662037 0.498958 0.665741 0.502604 0.660185 0.497917 0.655556 0.484375 0.654630 0.472396 0.651852 0.461458 0.655556 0.446354 0.657407 0.433333 0.659259 0.423958 0.654630 0.415104 0.656481 0.406771 0.673148 0.400521 0.690741 0.389062 0.698148 0.384896 0.691667 0.377083 0.692593 0.369792 0.700000 0.362500 0.716667 0.368750 0.722222 0.378646 0.719444 0.385417 0.712037 0.393750 0.707407 0.401042 0.701852 0.407292 0.690741
30 0.496875 0.595370 0.490104 0.600000 0.484896 0.605556 0.482292 0.612963 0.484896 0.623148 0.492188 0.633333 0.501042 0.637037 0.508854 0.633333 0.510417 0.624074 0.514583 0.617593 0.513021 0.606481 0.508333 0.599074 0.502604 0.595370
25 0.231250 0.812037 0.237500 0.808333 0.244792 0.804630 0.255208 0.800926 0.260417 0.797222 0.262500 0.789815 0.260937 0.779630 0.257812 0.770370 0.253646 0.765741 0.247917 0.765741 0.242188 0.768519 0.235937 0.776852 0.229167 0.788889 0.221875 0.795370 0.214062 0.802778 0.214062 0.809259 0.218750 0.821296 0.221875 0.824074 0.226042 0.822222 0.229167 0.817593
25 0.144792 0.552778 0.146354 0.541667 0.147396 0.528704 0.150000 0.515741 0.153646 0.506481 0.160938 0.505556 0.167187 0.506481 0.169271 0.513889 0.166667 0.528704 0.163021 0.550000 0.159896 0.560185 0.156250 0.559259
25 0.197917 0.503704 0.201042 0.496296 0.207292 0.488889 0.218229 0.482407 0.222917 0.476852 0.221354 0.465741 0.217708 0.455556 0.209896 0.456481 0.198437 0.460185 0.187500 0.462037 0.182292 0.462963 0.185417 0.475926 0.190625 0.490741 0.193750 0.503704
25 0.229687 0.586111 0.230208 0.594444 0.232292 0.603704 0.240625 0.607407 0.245833 0.608333 0.253646 0.597222 0.256250 0.587037 0.254688 0.575000 0.252083 0.563889 0.254688 0.557407 0.258854 0.558333 0.261458 0.568519 0.262500 0.584259 0.262500 0.588889 0.245833 0.608333 0.242188 0.612963 0.236458 0.619444 0.226042 0.612037 0.221354 0.601852 0.220833 0.588889 0.223438 0.582407 0.227083 0.582407
33 0.517188 0.315741 0.552083 0.325000 0.577083 0.282407 0.535937 0.275000
26 0.243750 0.530556 0.240625 0.525926 0.235937 0.518519 0.236979 0.506481 0.241667 0.501852 0.248438 0.508333 0.260417 0.503704 0.268750 0.503704 0.269271 0.485185 0.270313 0.470370 0.272396 0.462037 0.277083 0.463889 0.282813 0.487037 0.289583 0.505556 0.299479 0.523148 0.304167 0.539815 0.294271 0.548148 0.281250 0.550926 0.269271 0.552778 0.257812 0.552778 0.247917 0.555556 0.245833 0.541667
31 0.225521 0.412963 0.216667 0.419444 0.204687 0.422222 0.195312 0.418519 0.198437 0.410185 0.213542 0.403704 0.226562 0.396296 0.239583 0.390741 0.255729 0.384259 0.276042 0.371296 0.284896 0.363889 0.286979 0.365741 0.280729 0.382407 0.273438 0.389815 0.260417 0.397222 0.242708 0.403704 0.233854 0.395370 0.228646 0.397222 0.225000 0.401852 0.223438 0.408333