30 0.613542 0.529630 0.593750 0.541667 0.575000 0.542593 0.560937 0.545370 0.559896 0.524074 0.569271 0.482407 0.580208 0.444444 0.595833 0.388889 0.609375 0.338889 0.615104 0.300926 0.618750 0.273148 0.623437 0.257407 0.629687 0.244444 0.639583 0.246296 0.646354 0.250926 0.658333 0.276852 0.663542 0.298148 0.663542 0.322222 0.662500 0.352778 0.657292 0.381481 0.645833 0.425000 0.635417 0.457407 0.627083 0.475000
8 0.487500 0.348148 0.496875 0.362037 0.502604 0.377778 0.505208 0.392593 0.507292 0.412963 0.508333 0.433333 0.508333 0.462037 0.504687 0.495370 0.496354 0.518519 0.476042 0.544444 0.439583 0.573148 0.393750 0.590741 0.348958 0.588889 0.310417 0.570370 0.277083 0.551852 0.262500 0.530556 0.257292 0.500000 0.252604 0.468519 0.254167 0.424074 0.260937 0.383333 0.270313 0.362963 0.286979 0.344444 0.309896 0.326852 0.332292 0.319444 0.368229 0.312037 0.400000 0.310185 0.432812 0.316667 0.460938 0.329630
26 0.418750 0.421296 0.402083 0.427778 0.391667 0.428704 0.394792 0.391667 0.400000 0.362037 0.407292 0.306481 0.419271 0.308333 0.426042 0.315741 0.428646 0.332407
26 0.627604 0.474074 0.629167 0.470370 0.632292 0.473148 0.634896 0.478704 0.638542 0.487963 0.639583 0.494444 0.634896 0.496296 0.622917 0.488889 0.616146 0.480556 0.604167 0.470370 0.589063 0.453704 0.581250 0.438889 0.569792 0.423148 0.567187 0.424074 0.565104 0.433333 0.563542 0.441667 0.560937 0.453704 0.555208 0.472222 0.547917 0.480556 0.542188 0.485185 0.533333 0.488889 0.528125 0.487963 0.520833 0.485185 0.515625 0.482407 0.507812 0.472222 0.508854 0.463889 0.512500 0.469444 0.516146 0.473148 0.519792 0.476852 0.525521 0.478704 0.528646 0.479630 0.534375 0.479630 0.539062 0.476852 0.544271 0.472222 0.548438 0.468519 0.552083 0.460185 0.554688 0.452778 0.556771 0.440741 0.559896 0.422222 0.561979 0.416667 0.566146 0.413889 0.569792 0.416667 0.577604 0.425926 0.581250 0.433333 0.587500 0.440741 0.592708 0.447222 0.598958 0.454630 0.610938 0.466667 0.620313 0.477778 0.628646 0.484259 0.632812 0.487037 0.632292 0.484259 0.629687 0.479630
25 0.308333 0.566667 0.311458 0.575000 0.314063 0.590741 0.317188 0.606481 0.319792 0.633333 0.310937 0.637963 0.304167 0.645370 0.289062 0.650926 0.274479 0.658333 0.264583 0.663889 0.250521 0.663889 0.224479 0.665741 0.201042 0.668519 0.179688 0.674074 0.177083 0.665741 0.177083 0.657407 0.190104 0.650000 0.208333 0.634259 0.223438 0.616667 0.234896 0.605556 0.248438 0.595370 0.276042 0.580556
1 0.319792 0.632407 0.325000 0.627778 0.332813 0.624074 0.341146 0.620370 0.345833 0.624074 0.353125 0.639815 0.359375 0.652778 0.361979 0.664815 0.359896 0.681481 0.347917 0.693519 0.335417 0.702778 0.320833 0.716667 0.309896 0.718519 0.304688 0.720370 0.294271 0.724074 0.286458 0.719444 0.281250 0.708333 0.278646 0.696296 0.279687 0.680556 0.286458 0.662037 0.296875 0.651852 0.309375 0.639815
29 0.953646 0.998148 0.953646 0.952778 0.942187 0.902778 0.934896 0.862037 0.917188 0.852778 0.893229 0.842593 0.868750 0.815741 0.835938 0.810185 0.821354 0.800926 0.808333 0.786111 0.803125 0.766667 0.794792 0.746296 0.779687 0.745370 0.767188 0.753704 0.768750 0.770370 0.773438 0.790741 0.777083 0.800000 0.771354 0.810185 0.760417 0.808333 0.746875 0.805556 0.728646 0.800000 0.710417 0.792593 0.689583 0.788889 0.657292 0.786111 0.636979 0.781481 0.618229 0.782407 0.585938 0.805556 0.560937 0.830556 0.543750 0.859259 0.520833 0.912963 0.517708 0.950926 0.510938 0.999074 0.531771 0.999074 0.537500 0.943519 0.545833 0.892593 0.556771 0.868519 0.571875 0.848148 0.594792 0.834259 0.610938 0.827778 0.632292 0.823148 0.644271 0.813889 0.654167 0.814815 0.663021 0.819444 0.670833 0.836111 0.670833 0.854630 0.670833 0.884259 0.666146 0.890741 0.648438 0.897222 0.637500 0.900926 0.622396 0.905556 0.609375 0.911111 0.598958 0.919444 0.597917 0.929630 0.625521 0.930556 0.649479 0.947222 0.671354 0.966667 0.673958 0.998148
23 0.857292 0.950926 0.864583 0.946296 0.866146 0.935185 0.864583 0.923148 0.857812 0.906481 0.839583 0.909259 0.836979 0.917593 0.833854 0.925926 0.834896 0.936111 0.843750 0.943519
23 0.879687 0.985185 0.882292 0.977778 0.888021 0.970370 0.894792 0.969444 0.902083 0.976852 0.907292 0.986111 0.909896 0.997222 0.890625 0.999074
23 0.944792 0.473148 0.951042 0.481481 0.954688 0.488889 0.955729 0.502778 0.952604 0.525000 0.946354 0.530556 0.938542 0.530556 0.931771 0.524074 0.920833 0.514815 0.909896 0.511111 0.901042 0.504630 0.888021 0.500000 0.878125 0.488889 0.870313 0.474074 0.864583 0.456481 0.861979 0.446296 0.862500 0.437037 0.864583 0.426852 0.875521 0.423148 0.883333 0.430556 0.891667 0.444444 0.898958 0.452778 0.903646 0.461111 0.918750 0.463889 0.928646 0.467593
23 0.777604 0.419444 0.780729 0.419444 0.787500 0.420370 0.795833 0.425926 0.801042 0.431481 0.806250 0.437037 0.808854 0.441667 0.811979 0.446296 0.819792 0.452778 0.827083 0.455556 0.833333 0.462037 0.838542 0.469444 0.838021 0.475926 0.833854 0.477778 0.825000 0.477778 0.817708 0.477778 0.811458 0.475000 0.804688 0.470370 0.801042 0.467593 0.792188 0.456481 0.786979 0.449074 0.783333 0.444444 0.778125 0.440741 0.775000 0.436111 0.773438 0.430556 0.773438 0.422222
27 0.867188 0.211111 0.861458 0.270370 0.814063 0.294444 0.767188 0.247222 0.772396 0.174074 0.799479 0.158333 0.804167 0.104630 0.811979 0.068519 0.816667 0.068519 0.817708 0.087963 0.816667 0.101852 0.813542 0.130556 0.814583 0.152778 0.819792 0.156481 0.832292 0.130556 0.843750 0.120370 0.866667 0.128704 0.873437 0.133333 0.872396 0.143519 0.865625 0.154630 0.858854 0.154630 0.858333 0.170370 0.856771 0.177778 0.856250 0.187963 0.856250 0.192593
33 0.486979 0.332407 0.502083 0.337963 0.522396 0.342593 0.545312 0.314815 0.508854 0.303704
31 0.387500 0.673148 0.396875 0.672222 0.408333 0.673148 0.423438 0.670370 0.444271 0.669444 0.464062 0.667593 0.470313 0.662963 0.467187 0.653704 0.448437 0.656481 0.424479 0.659259 0.407292 0.663889 0.393750 0.661111 0.383333 0.663889 0.374479 0.675000 0.368229 0.695370 0.355729 0.701852 0.344792 0.699074 0.338021 0.711111 0.343750 0.719444 0.352083 0.712037 0.364583 0.705556 0.374479 0.695370 0.379688 0.684259
30 0.462500 0.600000 0.456250 0.605556 0.452083 0.612963 0.451042 0.625000 0.457292 0.635185 0.467708 0.642593 0.475000 0.639815 0.476042 0.628704 0.483333 0.618519 0.478646 0.607407 0.471875 0.600000
25 0.125521 0.577778 0.127604 0.567593 0.128646 0.553704 0.131250 0.541667 0.134896 0.532407 0.142187 0.531481 0.148438 0.531481 0.150000 0.539815 0.147917 0.554630 0.143750 0.575926 0.141146 0.586111 0.136979 0.584259
25 0.175000 0.524074 0.178125 0.516667 0.184896 0.509259 0.194792 0.502778 0.200000 0.497222 0.198437 0.485185 0.194792 0.475926 0.186458 0.475926 0.175521 0.479630 0.164062 0.481481 0.159375 0.483333 0.162500 0.495370 0.167187 0.511111 0.170833 0.524074
25 0.206250 0.812963 0.211979 0.809259 0.219792 0.805556 0.229687 0.801852 0.234896 0.798148 0.236979 0.790741 0.235417 0.781481 0.232292 0.772222 0.228125 0.766667 0.222396 0.766667 0.216667 0.769444 0.210417 0.777778 0.203646 0.790741 0.196354 0.796296 0.188542 0.803704 0.188542 0.811111 0.193229 0.822222 0.196354 0.825000 0.201042 0.824074 0.204167 0.818519
25 0.204687 0.598148 0.205208 0.607407 0.207292 0.616667 0.215625 0.620370 0.220312 0.619444 0.228646 0.610185 0.231250 0.600000 0.229687 0.587037 0.227083 0.576852 0.229687 0.569444 0.234375 0.570370 0.236979 0.580556 0.237500 0.596296 0.237500 0.604630 0.220312 0.619444 0.216146 0.625926 0.209896 0.629630 0.201042 0.625000 0.196354 0.614815 0.195833 0.601852 0.198437 0.595370 0.202083 0.595370
26 0.221875 0.546296 0.216146 0.539815 0.214062 0.528704 0.214583 0.517593 0.222917 0.514815 0.230729 0.514815 0.240104 0.506481 0.234896 0.487963 0.246354 0.480556 0.252604 0.475000 0.256771 0.492593 0.261979 0.522222 0.266146 0.533333 0.273958 0.551852 0.266146 0.561111 0.253646 0.563889 0.240104 0.566667 0.232292 0.564815 0.224479 0.572222 0.220833 0.559259 0.222396 0.551852
31 0.203125 0.436111 0.192708 0.443519 0.183333 0.446296 0.179688 0.437963 0.184375 0.430556 0.200000 0.422222 0.211979 0.415741 0.227604 0.409259 0.250000 0.395370 0.260937 0.385185 0.254688 0.411111 0.246875 0.417593 0.231250 0.425926 0.220312 0.427778 0.211458 0.417593 0.207292 0.419444 0.202604 0.424074 0.201563 0.430556