8 0.437500 0.421296 0.446354 0.439815 0.453646 0.467593 0.457292 0.499074 0.456771 0.538889 0.445833 0.592593 0.414583 0.633333 0.365104 0.671296 0.305729 0.682407 0.262500 0.674074 0.211979 0.648148 0.196354 0.620370 0.188021 0.587963 0.184896 0.557407 0.183333 0.521296 0.185417 0.493519 0.191146 0.468519 0.202083 0.442593 0.220312 0.422222 0.247917 0.402778 0.294271 0.386111 0.331250 0.384259 0.374479 0.388889 0.406250 0.401852
26 0.363021 0.503704 0.331771 0.514815 0.332813 0.487963 0.341146 0.429630 0.352083 0.379630 0.367188 0.382407 0.373437 0.389815 0.373437 0.400000 0.370833 0.419444 0.362500 0.462963 0.361458 0.481481
25 0.238021 0.663889 0.241146 0.673148 0.248438 0.725926 0.246875 0.735185 0.235937 0.744444 0.224479 0.750926 0.203646 0.760185 0.181250 0.769444 0.164062 0.770370 0.146354 0.766667 0.129688 0.767593 0.113542 0.772222 0.101042 0.775926 0.098958 0.771296 0.098437 0.759259 0.101562 0.753704 0.109896 0.750000 0.128646 0.735185 0.141667 0.721296 0.165104 0.697222 0.192708 0.682407
1 0.245833 0.733333 0.254688 0.729630 0.260937 0.722222 0.268750 0.721296 0.275000 0.724074 0.279687 0.734259 0.283333 0.744444 0.287500 0.757407 0.290104 0.773148 0.289583 0.786111 0.283333 0.794444 0.275521 0.800926 0.265625 0.809259 0.253646 0.822222 0.242188 0.828704 0.234896 0.830556 0.225521 0.830556 0.219792 0.828704 0.213021 0.820370 0.208854 0.809259 0.207292 0.794444 0.209896 0.779630 0.212500 0.767593 0.221354 0.758333 0.228646 0.750926 0.237500 0.744444
30 0.566146 0.606481 0.556250 0.615741 0.540104 0.622222 0.523438 0.625926 0.517188 0.626852 0.515625 0.606481 0.516146 0.590741 0.526042 0.556481 0.533333 0.525926 0.546875 0.477778 0.554688 0.437963 0.564583 0.396296 0.575000 0.349074 0.582292 0.319444 0.588542 0.311111 0.595313 0.306481 0.601042 0.307407 0.603646 0.311111 0.607292 0.311111 0.615104 0.320370 0.619792 0.329630 0.623437 0.353704 0.624479 0.395370 0.617708 0.446296 0.608333 0.487963 0.591667 0.537963 0.584896 0.557407 0.578646 0.575000 0.569792 0.597222
26 0.587500 0.552778 0.588542 0.548148 0.590625 0.547222 0.593750 0.551852 0.595833 0.556481 0.598437 0.562037 0.599479 0.568519 0.598437 0.575926 0.592708 0.579630 0.584896 0.575000 0.577083 0.569444 0.568750 0.562037 0.546354 0.537963 0.532813 0.517593 0.520833 0.498148 0.518750 0.501852 0.517188 0.514815 0.513542 0.532407 0.507292 0.544444 0.501042 0.557407 0.489583 0.564815 0.479687 0.565741 0.470833 0.564815 0.460938 0.558333 0.454688 0.549074 0.455208 0.541667 0.458333 0.541667 0.463542 0.548148 0.468750 0.552778 0.475521 0.555556 0.482292 0.555556 0.490104 0.552778 0.498958 0.547222 0.505729 0.534259 0.511458 0.512037 0.513542 0.500000 0.516146 0.490741 0.517708 0.487963 0.523438 0.489815 0.527083 0.496296 0.533333 0.507407 0.542188 0.519444 0.552083 0.533333 0.561458 0.543519 0.572396 0.554630 0.579688 0.560185 0.587500 0.565741 0.593229 0.566667 0.591667 0.563889 0.590104 0.559259
29 0.937500 0.995370 0.890625 0.963889 0.835938 0.945370 0.792708 0.939815 0.782292 0.921296 0.767188 0.879630 0.753646 0.862963 0.745313 0.865741 0.739583 0.884259 0.744792 0.906481 0.722917 0.924074 0.700000 0.925926 0.683333 0.934259 0.665104 0.936111 0.644792 0.924074 0.622396 0.903704 0.569792 0.900926 0.540625 0.908333 0.490104 0.941667 0.461979 0.997222 0.501042 0.992593 0.513542 0.973148 0.537500 0.961111 0.563542 0.953704 0.594792 0.952778 0.614583 0.950926 0.625000 0.963889 0.619792 0.985185 0.621354 0.990741 0.902083 0.997222
27 0.847396 0.256481 0.848437 0.303704 0.795833 0.336111 0.743750 0.286111 0.746354 0.209259 0.778646 0.190741 0.783854 0.146296 0.790104 0.120370 0.794792 0.114815 0.797396 0.124074 0.791667 0.147222 0.790625 0.168519 0.789583 0.195370 0.798438 0.195370 0.804688 0.198148 0.810937 0.175000 0.835417 0.162963 0.853646 0.172222 0.861458 0.175926 0.845313 0.186111 0.841146 0.195370 0.835938 0.224074 0.838542 0.236111
23 0.808333 0.533333 0.814583 0.541667 0.815625 0.550000 0.814063 0.557407 0.808333 0.558333 0.803646 0.553704 0.800000 0.550926 0.793750 0.549074 0.787500 0.549074 0.780729 0.548148 0.774479 0.537037 0.769792 0.529630 0.763542 0.522222 0.756771 0.512963 0.748958 0.506481 0.747396 0.496296 0.749479 0.488889 0.756771 0.487037 0.767188 0.494444 0.775000 0.503704 0.779687 0.512963 0.784896 0.518519 0.797917 0.522222
23 0.853646 0.500926 0.863021 0.503704 0.869792 0.511111 0.880729 0.521296 0.898438 0.531481 0.917708 0.540741 0.933333 0.546296 0.942187 0.553704 0.945833 0.573148 0.942187 0.590741 0.935937 0.596296 0.927083 0.595370 0.916667 0.586111 0.911979 0.584259 0.902083 0.582407 0.891146 0.579630 0.879167 0.577778 0.869271 0.570370 0.858854 0.559259 0.850521 0.546296 0.848958 0.533333 0.848437 0.520370 0.850000 0.506481
25 0.106250 0.924074 0.106771 0.933333 0.108854 0.939815 0.114062 0.945370 0.120833 0.944444 0.123438 0.936111 0.127083 0.933333 0.134896 0.928704 0.143229 0.924074 0.153125 0.919444 0.153125 0.912037 0.151042 0.900926 0.147917 0.890741 0.143750 0.886111 0.140625 0.886111 0.125000 0.903704 0.114062 0.912963 0.106250 0.922222
25 0.055729 0.670370 0.061979 0.673148 0.067187 0.675000 0.069792 0.668519 0.075000 0.650926 0.081250 0.622222 0.073438 0.619444 0.067708 0.619444 0.063021 0.621296 0.058333 0.645370
25 0.098958 0.593519 0.102083 0.600926 0.105208 0.603704 0.110417 0.597222 0.119792 0.589815 0.126562 0.584259 0.131771 0.577778 0.131250 0.571296 0.129688 0.566667 0.127604 0.564815 0.120833 0.566667 0.113542 0.570370 0.107292 0.575000 0.102604 0.577778 0.097396 0.587963
25 0.142187 0.719444 0.135417 0.723148 0.128646 0.717593 0.123438 0.710185 0.121354 0.697222 0.126042 0.681481 0.128646 0.674074 0.132812 0.686111 0.137500 0.701852 0.146875 0.706481 0.155208 0.697222 0.159375 0.677778 0.158333 0.662037 0.157292 0.657407 0.157292 0.652778 0.167187 0.659259 0.168229 0.677778 0.168750 0.691667 0.163542 0.700000 0.153646 0.708333
31 0.285417 0.800000 0.276562 0.805556 0.270833 0.811111 0.265625 0.825000 0.264583 0.832407 0.270833 0.833333 0.281771 0.828704 0.289062 0.822222 0.295833 0.816667 0.302604 0.802778 0.308854 0.791667 0.314063 0.781481 0.321875 0.779630 0.332292 0.778704 0.341667 0.778704 0.352083 0.777778 0.365104 0.775000 0.377604 0.775000 0.389062 0.777778 0.397396 0.775000 0.408333 0.768519 0.405729 0.763889 0.402083 0.762963 0.393750 0.762963 0.375000 0.762037 0.364583 0.760185 0.356250 0.760185 0.348438 0.760185 0.339583 0.763889 0.329688 0.762963 0.319271 0.761111 0.311458 0.764815 0.303646 0.776852 0.298438 0.790741 0.290625 0.806481 0.289062 0.808333 0.286979 0.807407
30 0.389583 0.721296 0.392188 0.726852 0.395833 0.737037 0.397917 0.738889 0.407292 0.744444 0.413542 0.743519 0.417187 0.736111 0.418750 0.730556 0.419271 0.724074 0.418750 0.712037 0.414583 0.703704 0.410938 0.700000 0.400000 0.700000 0.393750 0.706481 0.390625 0.711111
33 0.446875 0.388889 0.447917 0.397222 0.481250 0.402778 0.506250 0.372222 0.504687 0.368519 0.472396 0.359259
26 0.152083 0.630556 0.147917 0.624074 0.145833 0.612963 0.148438 0.606481 0.154688 0.608333 0.161458 0.612037 0.171875 0.610185 0.177083 0.601852 0.175000 0.582407 0.179167 0.574074 0.185417 0.571296 0.188542 0.586111 0.193229 0.610185 0.202604 0.631481 0.209896 0.645370 0.201563 0.652778 0.193750 0.644444 0.183854 0.657407 0.177083 0.650926 0.167187 0.650926 0.159896 0.653704 0.154167 0.644444
31 0.140625 0.511111 0.132292 0.514815 0.123438 0.522222 0.115625 0.519444 0.113542 0.511111 0.128125 0.502778 0.139583 0.496296 0.147396 0.488889 0.158854 0.486111 0.177604 0.479630 0.191146 0.470370 0.185938 0.491667 0.176042 0.497222 0.163542 0.500926 0.157812 0.500000 0.148958 0.491667 0.144792 0.492593 0.139583 0.498148 0.139063 0.503704