8 0.182292 0.528704 0.176042 0.552778 0.175521 0.590741 0.177604 0.639815 0.187500 0.691667 0.195833 0.719444 0.220833 0.748148 0.264583 0.776852 0.327083 0.789815 0.391667 0.779630 0.432292 0.745370 0.471875 0.690741 0.476042 0.646296 0.481771 0.633333 0.492708 0.572222 0.492188 0.543519 0.479687 0.500000 0.461979 0.466667 0.423438 0.436111 0.406250 0.425926 0.383333 0.412037 0.316146 0.405556 0.268229 0.418519 0.231250 0.442593 0.203646 0.484259
26 0.343750 0.597222 0.356250 0.593519 0.388542 0.579630 0.385417 0.556481 0.394792 0.494444 0.407292 0.427778 0.383333 0.412037 0.378125 0.433333 0.357292 0.536111
25 0.215625 0.758333 0.220312 0.762963 0.225000 0.775926 0.226562 0.790741 0.228125 0.803704 0.228125 0.815741 0.227604 0.830556 0.223958 0.841667 0.214062 0.848148 0.200000 0.853704 0.181250 0.855556 0.168750 0.860185 0.154688 0.866667 0.140104 0.865741 0.113542 0.859259 0.093229 0.857407 0.078125 0.856481 0.060937 0.858333 0.059375 0.848148 0.059375 0.837037 0.065104 0.833333 0.073438 0.831481 0.084896 0.825926 0.106250 0.806481 0.120313 0.792593 0.138542 0.778704 0.169792 0.770370
1 0.224479 0.841667 0.231250 0.837037 0.241146 0.837037 0.251042 0.837963 0.256250 0.847222 0.261458 0.861111 0.264583 0.873148 0.267188 0.886111 0.268750 0.900926 0.263542 0.916667 0.255729 0.922222 0.245833 0.928704 0.229687 0.942593 0.216667 0.952778 0.207813 0.957407 0.196354 0.961111 0.184375 0.957407 0.177604 0.949074 0.170833 0.938889 0.167708 0.919444 0.168750 0.901852 0.172396 0.886111 0.178646 0.874074 0.185938 0.868519 0.195833 0.859259 0.204687 0.851852
30 0.603646 0.741667 0.594792 0.750000 0.582812 0.755556 0.567187 0.757407 0.557292 0.750000 0.551042 0.737037 0.550521 0.719444 0.553646 0.704630 0.566146 0.670370 0.582292 0.633333 0.594271 0.596296 0.610417 0.542593 0.617188 0.516667 0.628646 0.488889 0.633333 0.463889 0.640104 0.419444 0.648958 0.397222 0.656250 0.387037 0.665625 0.380556 0.674479 0.385185 0.682292 0.390741 0.689063 0.395370 0.691667 0.409259 0.695833 0.430556 0.696875 0.455556 0.696875 0.487037 0.687500 0.546296 0.675000 0.591667 0.658333 0.635185 0.639062 0.675000 0.620313 0.712037
26 0.647396 0.656481 0.650000 0.649074 0.653125 0.648148 0.656250 0.654630 0.658333 0.666667 0.659896 0.677778 0.660417 0.688889 0.659375 0.695370 0.654167 0.700000 0.645833 0.700000 0.634896 0.697222 0.623437 0.689815 0.616146 0.677778 0.605208 0.665741 0.593750 0.650926 0.583333 0.631481 0.575000 0.612963 0.571875 0.601852 0.568750 0.597222 0.566667 0.599074 0.564583 0.608333 0.561458 0.619444 0.557292 0.631481 0.548958 0.646296 0.538021 0.657407 0.523438 0.662963 0.507292 0.661111 0.498958 0.652778 0.493229 0.642593 0.489583 0.636111 0.485938 0.629630 0.485417 0.625926 0.485938 0.623148 0.488542 0.622222 0.492708 0.629630 0.498437 0.638889 0.510417 0.650926 0.525000 0.651852 0.534896 0.646296 0.543750 0.636111 0.550521 0.625926 0.556250 0.614815 0.558854 0.604630 0.561979 0.591667 0.564063 0.581481 0.566667 0.579630 0.569792 0.581481 0.572396 0.589815 0.580729 0.608333 0.583854 0.618519 0.596354 0.639815 0.608333 0.655556 0.619792 0.668519 0.627083 0.677778 0.638021 0.684259 0.647917 0.687037 0.653125 0.687037 0.653646 0.682407 0.652604 0.673148 0.651042 0.664815
33 0.508333 0.430556 0.508333 0.440741 0.545833 0.454630 0.581250 0.424074 0.579688 0.412963 0.548958 0.395370
27 0.979167 0.330556 0.979167 0.352778 0.975000 0.379630 0.972396 0.391667 0.911458 0.411111 0.852083 0.329630 0.858333 0.281481 0.867188 0.266667 0.897396 0.252778 0.903646 0.212963 0.910937 0.175926 0.918229 0.162037 0.919792 0.164815 0.919792 0.179630 0.916146 0.192593 0.911458 0.221296 0.914583 0.250926 0.920312 0.259259 0.930729 0.248148 0.938542 0.228704 0.948438 0.223148 0.956771 0.222222 0.970313 0.226852 0.978646 0.235185 0.990625 0.244444 0.989062 0.250926 0.979688 0.248148 0.969792 0.244444 0.964583 0.243519 0.964583 0.255556 0.964063 0.267593 0.963542 0.279630 0.962500 0.295370 0.964583 0.306481
23 0.845833 0.608333 0.843750 0.621296 0.848437 0.633333 0.855729 0.638889 0.865625 0.662963 0.872396 0.677778 0.881250 0.679630 0.889583 0.679630 0.900521 0.684259 0.911979 0.687037 0.915104 0.683333 0.912500 0.672222 0.907292 0.661111 0.901042 0.652778 0.890104 0.646296 0.882812 0.641667 0.876563 0.633333 0.870833 0.624074 0.865625 0.612963 0.859375 0.610185 0.853125 0.609259
25 0.083333 0.613889 0.083333 0.622222 0.084896 0.625926 0.086979 0.630556 0.088542 0.637037 0.089063 0.641667 0.090625 0.645370 0.093229 0.646296 0.098437 0.640741 0.104167 0.634259 0.107292 0.631481 0.111979 0.627778 0.118750 0.622222 0.123438 0.617593 0.125521 0.614815 0.126042 0.607407 0.123438 0.601852 0.119792 0.600000 0.117188 0.600926 0.112500 0.604630 0.107292 0.606481 0.102083 0.608333 0.095833 0.609259 0.091667 0.609259 0.088021 0.608333 0.084896 0.607407
25 0.050000 0.662037 0.056250 0.665741 0.060417 0.670370 0.059896 0.678704 0.056250 0.684259 0.053646 0.690741 0.049479 0.706481 0.042188 0.724074 0.040104 0.727778 0.037500 0.722222 0.033333 0.719444 0.030729 0.716667 0.029687 0.712963 0.030208 0.708333 0.033854 0.702778 0.038542 0.692593 0.042708 0.677778
25 0.092188 0.743519 0.092708 0.752778 0.095312 0.763889 0.097396 0.776852 0.099479 0.787963 0.101042 0.797222 0.104688 0.799074 0.110417 0.800000 0.119792 0.792593 0.139583 0.776852 0.141146 0.761111 0.140104 0.746296 0.138021 0.733333 0.135937 0.728704 0.132292 0.729630 0.131250 0.739815 0.130208 0.747222 0.127083 0.754630 0.118750 0.762037 0.113542 0.760185 0.107813 0.756481 0.102604 0.750926 0.100000 0.747222 0.095833 0.744444
31 0.254688 0.932407 0.244792 0.934259 0.238021 0.939815 0.231771 0.949074 0.228646 0.959259 0.227083 0.966667 0.230208 0.975000 0.240104 0.975926 0.251042 0.966667 0.257292 0.959259 0.268750 0.955556 0.273438 0.950000 0.281250 0.933333 0.286979 0.924074 0.293229 0.917593 0.299479 0.912963 0.307812 0.912037 0.313542 0.914815 0.318750 0.915741 0.326042 0.917593 0.339583 0.917593 0.350000 0.917593 0.360938 0.918519 0.378646 0.917593 0.390625 0.922222 0.407292 0.923148 0.417187 0.922222 0.425000 0.919444 0.423958 0.911111 0.416146 0.906481 0.405208 0.905556 0.391667 0.903704 0.381250 0.901852 0.373437 0.900000 0.359896 0.900000 0.351042 0.900926 0.341667 0.901852 0.326042 0.901852 0.316146 0.900000 0.304167 0.896296 0.294792 0.897222 0.288542 0.903704 0.281250 0.912037 0.275521 0.921296 0.270833 0.932407 0.264062 0.939815 0.262500 0.939815 0.257292 0.935185
30 0.389583 0.847222 0.391146 0.858333 0.393750 0.866667 0.398438 0.873148 0.404167 0.880556 0.409375 0.886111 0.412500 0.887037 0.414062 0.880556 0.412500 0.873148 0.411979 0.868519 0.417187 0.871296 0.418750 0.873148 0.422917 0.871296 0.424479 0.865741 0.423438 0.854630 0.420833 0.843519 0.415104 0.837037 0.408854 0.835185 0.404687 0.834259 0.398438 0.837963 0.393229 0.839815
23 0.968750 0.645370 0.964583 0.650926 0.961979 0.662963 0.960938 0.675000 0.963542 0.692593 0.974479 0.710185 0.998958 0.741667 0.998958 0.679630 0.989062 0.668519 0.977604 0.650926
26 0.133333 0.681481 0.131250 0.675000 0.131250 0.663889 0.137500 0.657407 0.143750 0.666667 0.148958 0.662037 0.153646 0.663889 0.158333 0.659259 0.169792 0.654630 0.176563 0.631481 0.178646 0.646296 0.183333 0.670370 0.187500 0.691667 0.192188 0.708333 0.195833 0.720370 0.195833 0.726852 0.188542 0.724074 0.179688 0.711111 0.171354 0.717593 0.163542 0.730556 0.150521 0.730556 0.139583 0.726852 0.129688 0.718519 0.123438 0.709259 0.119792 0.701852 0.128646 0.688889
31 0.140625 0.537963 0.130729 0.546296 0.116146 0.548148 0.107292 0.548148 0.102083 0.539815 0.115625 0.535185 0.133333 0.527778 0.143750 0.522222 0.155208 0.515741 0.171875 0.511111 0.193750 0.504630 0.184375 0.525000 0.176563 0.528704 0.161979 0.530556 0.154688 0.520370 0.153125 0.517593 0.144792 0.522222 0.141667 0.526852