8 0.160938 0.828704 0.191146 0.859259 0.223438 0.873148 0.266667 0.875926 0.306250 0.855556 0.346354 0.824074 0.376042 0.805556 0.417187 0.742593 0.444792 0.661111 0.452083 0.585185 0.449479 0.510185 0.441146 0.440741 0.410417 0.371296 0.379688 0.352778 0.346354 0.333333 0.322917 0.332407 0.291146 0.333333 0.239583 0.348148 0.182812 0.386111 0.138021 0.435185 0.101042 0.496296 0.085938 0.586111 0.090625 0.684259 0.117188 0.767593 0.143229 0.810185
26 0.290625 0.596296 0.284896 0.606481 0.257292 0.588889 0.192188 0.532407 0.127604 0.467593 0.138542 0.437037 0.150000 0.441667 0.198437 0.497222 0.251563 0.553704
25 0.443750 0.730556 0.445833 0.719444 0.451042 0.705556 0.460938 0.695370 0.469792 0.689815 0.482812 0.688889 0.490625 0.690741 0.498437 0.698148 0.502083 0.708333 0.504687 0.715741 0.517188 0.807407 0.525000 0.866667 0.526042 0.887963 0.522917 0.916667 0.520833 0.950926 0.522917 0.975000 0.523438 0.998148 0.501042 0.997222 0.499479 0.986111 0.492188 0.961111 0.479687 0.925926 0.465625 0.898148 0.459896 0.882407 0.454688 0.839815 0.451042 0.791667
25 0.432292 0.962963 0.437500 0.967593 0.445833 0.970370 0.452083 0.976852 0.452604 0.986111 0.447396 0.996296 0.410938 0.999074 0.413542 0.992593 0.416146 0.980556 0.418750 0.974074 0.421354 0.974074 0.423958 0.971296 0.425000 0.967593
25 0.403125 0.906481 0.408854 0.906481 0.412500 0.907407 0.418750 0.912963 0.422917 0.918519 0.427083 0.929630 0.422396 0.941667 0.414583 0.948148 0.406250 0.955556 0.400000 0.958333 0.383854 0.961111 0.384375 0.954630 0.384896 0.941667 0.386458 0.930556 0.390104 0.925000 0.395833 0.920370 0.400521 0.912963
25 0.472396 0.929630 0.480729 0.938889 0.487500 0.956481 0.489583 0.968519 0.485938 0.973148 0.482812 0.963889 0.479687 0.957407 0.475521 0.952778 0.471354 0.952778 0.470313 0.957407 0.468750 0.968519 0.466667 0.975000 0.462500 0.979630 0.459896 0.976852 0.461458 0.964815 0.463021 0.955556 0.464583 0.944444 0.467187 0.932407
1 0.496875 0.686111 0.502083 0.705556 0.507812 0.721296 0.513021 0.728704 0.522917 0.744444 0.532813 0.758333 0.536979 0.762037 0.539583 0.764815 0.544792 0.775000 0.553646 0.783333 0.562500 0.787963 0.568750 0.784259 0.576562 0.777778 0.584896 0.775926 0.586458 0.766667 0.586979 0.749074 0.585938 0.739815 0.583854 0.732407 0.579688 0.725000 0.575521 0.719444 0.572396 0.715741 0.552083 0.689815 0.539583 0.670370 0.533333 0.652778 0.526042 0.646296 0.523438 0.646296 0.517188 0.648148 0.507292 0.654630 0.501563 0.660185 0.498437 0.670370
29 0.831250 0.393519 0.829688 0.407407 0.835938 0.430556 0.846875 0.435185 0.868750 0.425926 0.881771 0.419444 0.897396 0.423148 0.907292 0.433333 0.904167 0.445370 0.883854 0.462037 0.863021 0.473148 0.843229 0.486111 0.816146 0.487037 0.801042 0.478704 0.780208 0.475000 0.735417 0.459259 0.690104 0.425926 0.661979 0.396296 0.639062 0.359259 0.637500 0.319444 0.656771 0.283333 0.657813 0.272222 0.653125 0.244444 0.642708 0.207407 0.651042 0.148148 0.683333 0.103704 0.706250 0.084259 0.702604 0.066667 0.678125 0.056481 0.663021 0.036111 0.664062 0.021296 0.686979 0.024074 0.707292 0.015741 0.723958 0.006481 0.751563 0.003704 0.863021 0.000926 0.864583 0.014815 0.859896 0.041667 0.863542 0.074074 0.872917 0.108333 0.870313 0.130556 0.869792 0.149074 0.876563 0.173148 0.878125 0.199074 0.869271 0.219444 0.858333 0.244444 0.862500 0.268519 0.871875 0.286111 0.872396 0.317593 0.863542 0.347222 0.851562 0.379630
30 0.344792 0.331481 0.320833 0.330556 0.306771 0.331481 0.293750 0.293519 0.270833 0.217593 0.258333 0.166667 0.253646 0.135185 0.246354 0.090741 0.244792 0.071296 0.251042 0.075000 0.259896 0.093519 0.266667 0.108333 0.266146 0.095370 0.260937 0.075000 0.260937 0.060185 0.263542 0.050926 0.269271 0.052778 0.273438 0.059259 0.280208 0.077778 0.287500 0.106481 0.294271 0.135185 0.298438 0.158333 0.303125 0.184259 0.309896 0.211111 0.316146 0.238889 0.325000 0.269444 0.336979 0.300926
26 0.368750 0.259259 0.381250 0.253704 0.387500 0.255556 0.383333 0.262963 0.359896 0.274074 0.332813 0.287037 0.318229 0.290741 0.303646 0.297222 0.276042 0.313889 0.271875 0.322222 0.266667 0.339815 0.257812 0.341667 0.257812 0.337037 0.262500 0.325000 0.264583 0.317593 0.252604 0.318519 0.232292 0.325926 0.206250 0.337037 0.185938 0.348148 0.169792 0.352778 0.143750 0.353704 0.131250 0.350926 0.106250 0.350926 0.084375 0.357407 0.057292 0.370370 0.039583 0.384259 0.016146 0.406481 0.000000 0.419444 0.000000 0.401852 0.013542 0.391667 0.037500 0.370370 0.053646 0.357407 0.082812 0.345370 0.106250 0.340741 0.132812 0.340741 0.146354 0.342593 0.169271 0.339815 0.185938 0.335185 0.206250 0.326852 0.232292 0.313889 0.253125 0.305556 0.266146 0.308333 0.272917 0.306481 0.282292 0.300000 0.298438 0.290741 0.316146 0.281481 0.339062 0.270370 0.354167 0.263889
31 0.093750 0.996296 0.076563 0.997222 0.078646 0.956481 0.080729 0.887963 0.082292 0.844444 0.079687 0.806481 0.077604 0.770370 0.076563 0.753704 0.077083 0.737037 0.082292 0.712963 0.085938 0.681481 0.089583 0.682407 0.095833 0.697222 0.097917 0.718519 0.094271 0.737037 0.094792 0.752778 0.092188 0.766667 0.093750 0.781481 0.095312 0.803704 0.095833 0.825926 0.097396 0.850926 0.097396 0.875000 0.096875 0.901852 0.094792 0.927778 0.094792 0.948148 0.094792 0.970370
25 0.718750 0.911111 0.722396 0.918519 0.720313 0.930556 0.714063 0.937037 0.706250 0.939815 0.697917 0.931481 0.692708 0.919444 0.682292 0.912963 0.666667 0.900000 0.657813 0.892593 0.651563 0.884259 0.648958 0.875000 0.652604 0.873148 0.669271 0.879630 0.679167 0.886111 0.689583 0.887037 0.693229 0.882407 0.693750 0.875000 0.691146 0.868519 0.686979 0.857407 0.687500 0.846296 0.692187 0.836111 0.695833 0.841667 0.698958 0.852778 0.702083 0.876852 0.707292 0.892593 0.714583 0.901852
26 0.197396 0.870370 0.198958 0.881481 0.214583 0.892593 0.230208 0.903704 0.248438 0.913889 0.268750 0.911111 0.275000 0.919444 0.280729 0.948148 0.281250 0.975000 0.279687 0.996296 0.306771 0.998148 0.316146 0.984259 0.327604 0.977778 0.352083 0.965741 0.361979 0.950926 0.367188 0.923148 0.365625 0.886111 0.345833 0.854630 0.362500 0.840741 0.382292 0.812963 0.376042 0.807407 0.350000 0.823148 0.312500 0.855556 0.284896 0.863889 0.263542 0.876852 0.245833 0.886111 0.226042 0.881481
27 0.080208 0.663889 0.072396 0.790741 0.076563 0.892593 0.073438 0.999074 0.003646 0.996296 0.006250 0.834259 0.016667 0.659259 0.051562 0.421296 0.081771 0.292593 0.094271 0.212963 0.106250 0.079630 0.132292 0.000926 0.142187 0.001852 0.056250 0.529630 0.083333 0.501852 0.208333 0.004630 0.217708 0.006481 0.207292 0.090741 0.191667 0.184259 0.170833 0.268519 0.157812 0.322222 0.135417 0.390741 0.106771 0.472222 0.094271 0.512963 0.080208 0.569444
23 0.080729 0.392593 0.077083 0.401852 0.073438 0.415741 0.073438 0.431481 0.079167 0.442593 0.087500 0.446296 0.096875 0.442593 0.100000 0.436111 0.101042 0.424074 0.100000 0.412037 0.095833 0.401852 0.089583 0.395370
31 0.509896 0.569444 0.511979 0.586111 0.513542 0.611111 0.515104 0.632407 0.523958 0.643519 0.538542 0.655556 0.553125 0.659259 0.549479 0.673148 0.554688 0.688889 0.571354 0.703704 0.584375 0.699074 0.584896 0.678704 0.570833 0.655556 0.553646 0.641667 0.538542 0.635185 0.527604 0.624074 0.524479 0.612037 0.520833 0.585185 0.519792 0.561111 0.517708 0.537963 0.516146 0.521296 0.509896 0.515741 0.506250 0.523148 0.507292 0.540741
30 0.473958 0.477778 0.469271 0.486111 0.466146 0.500926 0.463021 0.517593 0.465625 0.528704 0.473958 0.529630 0.481771 0.519444 0.487500 0.503704 0.488542 0.490741 0.485938 0.489815 0.478125 0.500926 0.480208 0.484259 0.477083 0.476852
23 0.342187 0.057407 0.331250 0.065741 0.315625 0.073148 0.306771 0.059259 0.306250 0.029630 0.327083 0.015741 0.349479 0.000000 0.350521 0.000000 0.395833 0.000000 0.381250 0.022222 0.361979 0.046296