8 0.335417 0.544444 0.345313 0.599074 0.358333 0.659259 0.379688 0.705556 0.418229 0.750000 0.475521 0.770370 0.520833 0.774074 0.571354 0.753704 0.605208 0.725926 0.639583 0.677778 0.658333 0.631481 0.668229 0.585185 0.676042 0.524074 0.674479 0.462037 0.666146 0.410185 0.650000 0.366667 0.621354 0.322222 0.592708 0.308333 0.557292 0.298148 0.519792 0.298148 0.478646 0.312037 0.447917 0.328704 0.415625 0.347222 0.381250 0.387037 0.358333 0.430556 0.345833 0.477778 0.336979 0.511111
26 0.504687 0.511111 0.512500 0.531481 0.510417 0.544444 0.507812 0.550000 0.480208 0.538889 0.375000 0.478704 0.364583 0.466667 0.362500 0.457407 0.365625 0.439815 0.378125 0.434259 0.403125 0.449074 0.451042 0.480556
25 0.714583 0.530556 0.729167 0.555556 0.740104 0.575000 0.758333 0.609259 0.767188 0.629630 0.777604 0.658333 0.780729 0.684259 0.787500 0.703704 0.797917 0.727778 0.811458 0.756481 0.805208 0.767593 0.798438 0.776852 0.793229 0.768519 0.783333 0.752778 0.776042 0.739815 0.767188 0.726852 0.758333 0.718519 0.746354 0.707407 0.735938 0.698148 0.729167 0.690741 0.721875 0.676852 0.713542 0.658333 0.706250 0.643519 0.697396 0.625926 0.691146 0.610185 0.684896 0.596296 0.683333 0.586111 0.684896 0.565741 0.688542 0.551852 0.695833 0.539815 0.704688 0.533333
1 0.705729 0.532407 0.714063 0.530556 0.730208 0.556481 0.740104 0.575000 0.750000 0.586111 0.764062 0.592593 0.773438 0.588889 0.776042 0.579630 0.777083 0.567593 0.777604 0.553704 0.777604 0.546296 0.770833 0.537037 0.758333 0.523148 0.746354 0.509259 0.731250 0.503704 0.720833 0.500926 0.712500 0.500000 0.707292 0.506481 0.704688 0.522222
25 0.874479 0.579630 0.877083 0.583333 0.880208 0.586111 0.882292 0.594444 0.885938 0.602778 0.888021 0.609259 0.890104 0.619444 0.896875 0.624074 0.903125 0.632407 0.903125 0.639815 0.901042 0.645370 0.890104 0.642593 0.883854 0.639815 0.876042 0.636111 0.868229 0.635185 0.859896 0.633333 0.851562 0.630556 0.848437 0.628704 0.847396 0.624074 0.848958 0.621296 0.853125 0.614815 0.859896 0.609259 0.865625 0.600000 0.869271 0.586111
25 0.704167 0.712963 0.698958 0.719444 0.696354 0.726852 0.693750 0.737037 0.690625 0.746296 0.689583 0.755556 0.692187 0.779630 0.697396 0.795370 0.703646 0.799074 0.711979 0.800926 0.718229 0.798148 0.726562 0.790741 0.735938 0.777778 0.742188 0.768519 0.747396 0.750926 0.748437 0.748148 0.744792 0.731481 0.739062 0.719444 0.736979 0.721296 0.735938 0.728704 0.727083 0.734259 0.718750 0.733333 0.713021 0.725926
26 0.625000 0.815741 0.627604 0.826852 0.633854 0.837037 0.640104 0.829630 0.643229 0.813889 0.647396 0.805556 0.657813 0.791667 0.667188 0.781481 0.673438 0.775000 0.674479 0.768519 0.668750 0.758333 0.662500 0.713889 0.654167 0.705556 0.651042 0.690741 0.654687 0.649074 0.641146 0.673148 0.622396 0.704630 0.604688 0.732407 0.581250 0.750926 0.564063 0.762037 0.544792 0.770370 0.515104 0.775000 0.488542 0.774074 0.516667 0.795370 0.548438 0.796296 0.570833 0.788889 0.587500 0.779630 0.601042 0.766667 0.606771 0.763889 0.616146 0.773148 0.625000 0.775000 0.630729 0.773148 0.638542 0.772222 0.644271 0.777778 0.643750 0.780556 0.635417 0.791667 0.631250 0.800000
31 0.514062 0.999074 0.488021 0.999074 0.477604 0.984259 0.464583 0.969444 0.448437 0.944444 0.437500 0.911111 0.434896 0.891667 0.432292 0.867593 0.426042 0.835185 0.412500 0.804630 0.397917 0.773148 0.380729 0.744444 0.367188 0.706481 0.366667 0.692593 0.367708 0.686111 0.370833 0.686111 0.378646 0.703704 0.387500 0.721296 0.401042 0.750926 0.410417 0.770370 0.422396 0.796296 0.433854 0.825000 0.438542 0.841667 0.446354 0.875926 0.452083 0.910185 0.459896 0.930556 0.471875 0.948148 0.482292 0.962037 0.490104 0.973148 0.501042 0.984259
25 0.580208 0.924074 0.578125 0.928704 0.577083 0.935185 0.576042 0.945370 0.576042 0.952778 0.587500 0.959259 0.597396 0.965741 0.613542 0.977778 0.624479 0.981481 0.633333 0.979630 0.630729 0.959259 0.637500 0.952778 0.641667 0.950926 0.643750 0.944444 0.642708 0.936111 0.641146 0.934259 0.628646 0.937037 0.617188 0.936111 0.604688 0.930556 0.590104 0.925926
25 0.682292 0.972222 0.691146 0.974074 0.698438 0.969444 0.703125 0.969444 0.703646 0.973148 0.701562 0.980556 0.699479 0.986111 0.699479 0.992593 0.702083 0.994444 0.708333 0.988889 0.717708 0.983333 0.729167 0.975000 0.742188 0.966667 0.753125 0.958333 0.754687 0.952778 0.754687 0.948148 0.754167 0.941667 0.752083 0.935185 0.748437 0.928704 0.745313 0.927778 0.745833 0.922222 0.746875 0.919444 0.745313 0.912963 0.742708 0.910185 0.737500 0.906481 0.734896 0.904630 0.731250 0.908333 0.722396 0.911111 0.718750 0.910185 0.717187 0.912963 0.717187 0.920370 0.719792 0.932407 0.720833 0.938889 0.719271 0.940741 0.711458 0.943519 0.703646 0.948148 0.695833 0.951852 0.691146 0.954630 0.684896 0.957407 0.682292 0.963889
25 0.630208 0.913889 0.633333 0.919444 0.638542 0.925926 0.641667 0.930556 0.646875 0.933333 0.652083 0.937037 0.657292 0.937963 0.663542 0.937037 0.669271 0.933333 0.670833 0.930556 0.673438 0.921296 0.670833 0.919444 0.666146 0.919444 0.658333 0.919444 0.653646 0.920370 0.651042 0.918519 0.643750 0.914815 0.641146 0.911111 0.637500 0.908333 0.634375 0.908333 0.631771 0.911111
30 0.466146 0.312963 0.456250 0.324074 0.446875 0.327778 0.434896 0.334259 0.428646 0.337037 0.421354 0.323148 0.407813 0.298148 0.391146 0.263889 0.378646 0.235185 0.367708 0.198148 0.356250 0.158333 0.353125 0.142593 0.352083 0.125926 0.352083 0.111111 0.358333 0.100000 0.364583 0.099074 0.371875 0.089815 0.376042 0.090741 0.387500 0.095370 0.400000 0.125000 0.414583 0.175000 0.432292 0.228704 0.445833 0.263889 0.456250 0.290741
23 0.028125 0.925000 0.034896 0.930556 0.046875 0.919444 0.054688 0.902778 0.063542 0.890741 0.070312 0.886111 0.081250 0.877778 0.091667 0.858333 0.101562 0.825000 0.102604 0.802778 0.097396 0.777778 0.094792 0.766667 0.086458 0.760185 0.082292 0.763889 0.078646 0.767593 0.077083 0.776852 0.078646 0.788889 0.080208 0.804630 0.079687 0.821296 0.073438 0.837037 0.065625 0.848148 0.054688 0.859259 0.047396 0.863889 0.039062 0.876852 0.033333 0.888889 0.029687 0.901852
33 0.058333 0.625926 0.110417 0.658333 0.145833 0.569444 0.144792 0.559259 0.091667 0.537037
27 0.451042 0.998148 0.356250 1.000000 0.325000 0.912963 0.301042 0.835185 0.277604 0.752778 0.253646 0.655556 0.209896 0.522222 0.182292 0.424074 0.137500 0.278704 0.105729 0.168519 0.114062 0.163889 0.285417 0.672222 0.319792 0.584259 0.185938 0.165741 0.194792 0.159259 0.244792 0.287963 0.258854 0.341667 0.284375 0.416667 0.303646 0.471296 0.322917 0.544444 0.336979 0.603704 0.353125 0.684259 0.370312 0.744444 0.398438 0.805556 0.426042 0.900000
23 0.225000 0.460185 0.219792 0.470370 0.218750 0.485185 0.220833 0.500000 0.226042 0.509259 0.235417 0.508333 0.241146 0.498148 0.242188 0.484259 0.242188 0.471296 0.239583 0.459259 0.232292 0.451852
29 0.878646 0.257407 0.899479 0.257407 0.911458 0.274074 0.903646 0.306481 0.884375 0.320370 0.864583 0.321296 0.829167 0.324074 0.796875 0.325926 0.744792 0.310185 0.702083 0.281481 0.680208 0.254630 0.682292 0.241667 0.693229 0.219444 0.672917 0.208333 0.660417 0.202778 0.653646 0.190741 0.635938 0.187963 0.618750 0.174074 0.608333 0.159259 0.614583 0.146296 0.629687 0.133333 0.629687 0.112963 0.628646 0.088889 0.661979 0.071296 0.685417 0.041667 0.707292 0.019444 0.728125 0.006481 0.742188 0.000926 0.772396 0.010185 0.804688 0.033333 0.817708 0.057407 0.827083 0.095370 0.844271 0.146296 0.850000 0.162037 0.870833 0.212963 0.876563 0.232407
26 0.406250 0.306481 0.414062 0.311111 0.419271 0.306481 0.425000 0.301852 0.433333 0.294444 0.442188 0.287037 0.449479 0.281481 0.453646 0.276852 0.456250 0.275000 0.458333 0.271296 0.459896 0.271296 0.460938 0.275000 0.458854 0.280556 0.455729 0.284259 0.450000 0.290741 0.438542 0.300926 0.428646 0.309259 0.418750 0.320370 0.413542 0.326852 0.408333 0.325926 0.403646 0.325926 0.397396 0.328704 0.389062 0.330556 0.379688 0.335185 0.366667 0.340741 0.357292 0.346296 0.344271 0.355556 0.328646 0.365741 0.315625 0.377778 0.302083 0.388889 0.292187 0.393519 0.275521 0.403704 0.254688 0.408333 0.233333 0.412037 0.216146 0.417593 0.192188 0.428704 0.188021 0.432407 0.170313 0.446296 0.148438 0.469444 0.138542 0.479630 0.128125 0.490741 0.118750 0.502778 0.107292 0.519444 0.098437 0.539815 0.092708 0.537037 0.104688 0.512037 0.123438 0.481481 0.139063 0.468519 0.157812 0.448148 0.166146 0.437963 0.183333 0.425926 0.193229 0.418519 0.208333 0.411111 0.215104 0.408333 0.232292 0.400926 0.254688 0.398148 0.275521 0.390741 0.291146 0.383333 0.311458 0.369444 0.320833 0.359259 0.333854 0.350926 0.345833 0.342593 0.354687 0.337037 0.360417 0.333333 0.370833 0.327778 0.378646 0.325926 0.389062 0.321296 0.400000 0.311111
26 0.002083 0.631481 0.001042 0.637963 0.004687 0.643519 0.008333 0.644444 0.019271 0.656481 0.027604 0.667593 0.036979 0.673148 0.044792 0.680556 0.052604 0.681481 0.059896 0.672222 0.062500 0.662037 0.066146 0.644444 0.066146 0.633333 0.066146 0.630556 0.062500 0.624074 0.057292 0.616667 0.053646 0.612963 0.048438 0.612037 0.042188 0.612037 0.038542 0.612963 0.040104 0.617593 0.047396 0.622222 0.054688 0.628704 0.057292 0.630556 0.059896 0.637037 0.059375 0.645370 0.057292 0.655556 0.053646 0.660185 0.047396 0.663889 0.041667 0.663889 0.034896 0.655556 0.025000 0.644444 0.019792 0.638889 0.014583 0.633333 0.009375 0.625926 0.005729 0.625926
27 0.144792 0.846296 0.140104 0.848148 0.135937 0.859259 0.132812 0.869444 0.123438 0.875000 0.115104 0.883333 0.111458 0.897222 0.109896 0.908333 0.113542 0.914815 0.119792 0.921296 0.125000 0.925926 0.132292 0.922222 0.142187 0.924074 0.153646 0.922222 0.162500 0.929630 0.167187 0.915741 0.173437 0.909259 0.179688 0.898148 0.173958 0.881481 0.169792 0.873148 0.164062 0.863889 0.157292 0.852778 0.151042 0.846296
25 0.926042 0.794444 0.876563 0.836111 0.875521 0.873148 0.893750 0.900926 0.928646 0.881481 0.927083 0.909259 0.944792 0.892593 0.962500 0.884259 0.959896 0.852778 0.970313 0.836111 0.967708 0.794444 0.959896 0.782407 0.947396 0.803704 0.935937 0.802778