8 0.883854 0.444444 0.886458 0.468519 0.887500 0.501852 0.887500 0.555556 0.878646 0.600926 0.866667 0.648148 0.832812 0.697222 0.794271 0.726852 0.746875 0.744444 0.701562 0.740741 0.645833 0.709259 0.595833 0.646296 0.571354 0.586111 0.563021 0.528704 0.564583 0.478704 0.578646 0.415741 0.603646 0.373148 0.638542 0.338889 0.668229 0.320370 0.713542 0.306481 0.768750 0.304630 0.816146 0.319444 0.845313 0.349074 0.870833 0.394444
26 0.734375 0.512963 0.744792 0.531481 0.744792 0.543519 0.725000 0.544444 0.710938 0.530556 0.673958 0.506481 0.600000 0.454630 0.602083 0.430556 0.616146 0.424074 0.645833 0.441667 0.688021 0.476852
30 0.668229 0.319444 0.641146 0.335185 0.626563 0.345370 0.619271 0.320370 0.602083 0.286111 0.587500 0.257407 0.577083 0.230556 0.556771 0.167593 0.558333 0.141667 0.561458 0.110185 0.569792 0.100000 0.580729 0.088889 0.593750 0.088889 0.602083 0.106481 0.612500 0.137037 0.620313 0.175926 0.630208 0.212963 0.646354 0.263889
25 0.915104 0.525926 0.927083 0.548148 0.940104 0.575000 0.955729 0.605556 0.972396 0.647222 0.982812 0.681481 0.999479 0.719444 0.998437 0.756481 0.991667 0.757407 0.983333 0.744444 0.969271 0.720370 0.960938 0.708333 0.941667 0.687963 0.923438 0.664815 0.897917 0.614815 0.884896 0.587037 0.885938 0.577778 0.890625 0.558333 0.899479 0.540741
25 0.819792 0.884259 0.816146 0.892593 0.814063 0.903704 0.814583 0.914815 0.822396 0.921296 0.844792 0.933333 0.856771 0.940741 0.858854 0.944444 0.866146 0.938889 0.867188 0.928704 0.868750 0.919444 0.871875 0.907407 0.873437 0.897222 0.869792 0.899074 0.858854 0.900000 0.847396 0.897222 0.834375 0.892593
25 0.914583 0.698148 0.906250 0.706481 0.904687 0.713889 0.902604 0.723148 0.901563 0.735185 0.902083 0.748148 0.905729 0.761111 0.911979 0.773148 0.920833 0.778704 0.935417 0.770370 0.945833 0.754630 0.947917 0.737037 0.946875 0.715741 0.941667 0.704630 0.934375 0.700000 0.936979 0.706481 0.938542 0.725000 0.936458 0.741667 0.932292 0.755556 0.924479 0.762037 0.919271 0.765741 0.914583 0.761111 0.913021 0.750926 0.912500 0.741667 0.915625 0.725000 0.918229 0.709259
25 0.000000 0.797222 0.000000 0.823148 0.008333 0.821296 0.019792 0.814815 0.033854 0.811111 0.050000 0.812037 0.077604 0.800000 0.093750 0.789815 0.115625 0.781481 0.125521 0.769444 0.128646 0.757407 0.125000 0.722222 0.120833 0.708333 0.114583 0.697222 0.107813 0.697222 0.085938 0.711111 0.063542 0.725926 0.047396 0.741667 0.039062 0.758333 0.026562 0.776852 0.013542 0.788889
33 0.255729 0.588889 0.255729 0.598148 0.314583 0.630556 0.347396 0.544444 0.346875 0.533333 0.320833 0.521296 0.319792 0.511111 0.292708 0.500000 0.279687 0.531481
27 0.740104 0.997222 0.623958 0.997222 0.605208 0.959259 0.576562 0.888889 0.561458 0.841667 0.548438 0.812963 0.524479 0.738889 0.502604 0.683333 0.477083 0.622222 0.451042 0.565741 0.410938 0.480556 0.382812 0.420370 0.357292 0.353704 0.340104 0.299074 0.305729 0.220370 0.276042 0.130556 0.285417 0.118519 0.508333 0.643519 0.540104 0.566667 0.347917 0.081481 0.356250 0.070370 0.399479 0.186111 0.422917 0.253704 0.506771 0.449074 0.546875 0.525926 0.588542 0.648148 0.611979 0.697222 0.648438 0.775000 0.697396 0.911111
23 0.432812 0.437037 0.428125 0.444444 0.427083 0.455556 0.428125 0.468519 0.431771 0.477778 0.438542 0.482407 0.445833 0.481481 0.448437 0.470370 0.451562 0.453704 0.447917 0.437963 0.441667 0.431481
23 0.247917 0.885185 0.249479 0.897222 0.252604 0.902778 0.261458 0.900000 0.268229 0.894444 0.277083 0.877778 0.281250 0.869444 0.290625 0.863889 0.303125 0.852778 0.311458 0.833333 0.316146 0.806481 0.316146 0.777778 0.309375 0.757407 0.302083 0.747222 0.294792 0.740741 0.290104 0.744444 0.288542 0.754630 0.291146 0.768519 0.294792 0.780556 0.295833 0.793519 0.292187 0.811111 0.286979 0.824074 0.277604 0.830556 0.268229 0.839815 0.262500 0.848148 0.258854 0.855556 0.255208 0.861111 0.253646 0.868519 0.249479 0.878704
27 0.138542 0.079630 0.141146 0.150926 0.163542 0.193519 0.250000 0.155556 0.253646 0.091667 0.225000 0.044444 0.220312 0.006481 0.170313 0.005556 0.168750 0.055556
31 0.798438 0.966667 0.804688 0.990741 0.802083 0.998148 0.782813 0.999074 0.767188 0.998148 0.765104 0.990741 0.764062 0.981481 0.736979 0.957407 0.720313 0.937037 0.700000 0.906481 0.689583 0.887037 0.681771 0.861111 0.682292 0.840741 0.675521 0.808333 0.664062 0.777778 0.647396 0.756481 0.624479 0.708333 0.600000 0.672222 0.595833 0.658333 0.608854 0.666667 0.622396 0.681481 0.638542 0.701852 0.642188 0.712963 0.650000 0.725926 0.660937 0.743519 0.670833 0.763889 0.682813 0.790741 0.688542 0.806481 0.693229 0.828704 0.696354 0.847222 0.698958 0.863889 0.704167 0.879630 0.712500 0.897222 0.722917 0.906481 0.731771 0.920370 0.747396 0.937037 0.766146 0.953704 0.782292 0.962037
26 0.850000 0.786111 0.849479 0.795370 0.849479 0.803704 0.851562 0.810185 0.857812 0.809259 0.861979 0.806481 0.866146 0.791667 0.869271 0.777778 0.876042 0.769444 0.883854 0.767593 0.888542 0.752778 0.857292 0.721296 0.853646 0.712037 0.858333 0.704630 0.867188 0.716667 0.875000 0.717593 0.876563 0.708333 0.872396 0.697222 0.845833 0.687037 0.837500 0.692593 0.819792 0.715741 0.813021 0.725926 0.799479 0.737037 0.778646 0.741667 0.765104 0.741667 0.752083 0.741667 0.743750 0.744444 0.738542 0.746296 0.739583 0.753704 0.746875 0.759259 0.760938 0.763889 0.775000 0.766667 0.792708 0.764815 0.807292 0.762037 0.818750 0.754630 0.828646 0.737963 0.833854 0.742593 0.839583 0.747222 0.848437 0.750000 0.854688 0.746296 0.858854 0.750926 0.859896 0.757407 0.854688 0.770370
29 0.997396 0.341667 0.947396 0.342593 0.917188 0.327778 0.885938 0.301852 0.864062 0.286111 0.842187 0.259259 0.836458 0.229630 0.790625 0.188889 0.782813 0.166667 0.784375 0.137963 0.785417 0.108333 0.859896 0.059259 0.876042 0.046296 0.956250 0.030556 0.997396 0.058333 0.997917 0.141667
27 0.008854 0.210185 0.070833 0.338889 0.135937 0.437037 0.329688 0.222222 0.202604 0.014815
27 0.340625 0.857407 0.335417 0.868519 0.333854 0.882407 0.336458 0.896296 0.351562 0.905556 0.361979 0.901852 0.373437 0.894444 0.380208 0.892593 0.383854 0.898148 0.385937 0.912037 0.396875 0.912963 0.398438 0.901852 0.401042 0.885185 0.404687 0.877778 0.407292 0.869444 0.404687 0.850926 0.400000 0.843519 0.395313 0.840741 0.389583 0.835185 0.388542 0.824074 0.384896 0.822222 0.380208 0.817593 0.376042 0.811111 0.373437 0.812963 0.369271 0.824074 0.364583 0.831481 0.359896 0.838889 0.354167 0.844444 0.344792 0.848148
26 0.339062 0.448148 0.351042 0.436111 0.373437 0.418519 0.393229 0.404630 0.410938 0.397222 0.427083 0.390741 0.442188 0.390741 0.468750 0.385185 0.492708 0.378704 0.514062 0.366667 0.534896 0.347222 0.554688 0.335185 0.578646 0.324074 0.595313 0.312037 0.609375 0.300926 0.603646 0.287963 0.591667 0.297222 0.577083 0.311111 0.559375 0.322222 0.542188 0.330556 0.528646 0.339815 0.515625 0.348148 0.498958 0.362037 0.480729 0.370370 0.454688 0.377778 0.429688 0.377778 0.409896 0.383333 0.385937 0.395370 0.358854 0.417593 0.338021 0.433333 0.321875 0.449074 0.301042 0.475000 0.292187 0.495370 0.301563 0.503704 0.308854 0.484259 0.321354 0.466667
26 0.207292 0.614815 0.218750 0.624074 0.234896 0.641667 0.248438 0.652778 0.259896 0.640741 0.266146 0.601852 0.259375 0.596296 0.255729 0.616667 0.251042 0.635185 0.241146 0.630556 0.223958 0.611111 0.209896 0.597222 0.194792 0.597222 0.188542 0.605556
1 0.941146 0.574074 0.954167 0.588889 0.964583 0.585185 0.969792 0.537037 0.952083 0.532407 0.932292 0.516667 0.913542 0.498148 0.898958 0.517593 0.901042 0.530556 0.911458 0.532407 0.916667 0.525926 0.928125 0.550000