8 0.695833 0.444444 0.697396 0.490741 0.700521 0.534259 0.707292 0.592593 0.717187 0.625926 0.739583 0.657407 0.763021 0.681481 0.795312 0.720370 0.842187 0.737037 0.883854 0.736111 0.943750 0.701852 0.977604 0.662037 0.991667 0.630556 0.998437 0.599074 0.999479 0.471296 0.995833 0.413889 0.995833 0.414815 0.985938 0.384259 0.969792 0.355556 0.944792 0.330556 0.921354 0.313889 0.860938 0.292593 0.817187 0.295370 0.781250 0.312963 0.743229 0.342593 0.719271 0.379630 0.706250 0.401852
26 0.728125 0.443519 0.737500 0.463889 0.789583 0.506481 0.839583 0.538889 0.861979 0.546296 0.860938 0.533333 0.852083 0.518519 0.841146 0.496296 0.788542 0.452778 0.775521 0.441667 0.746354 0.422222 0.730208 0.425000
23 0.362500 0.900000 0.366146 0.906481 0.372396 0.908333 0.378125 0.904630 0.382292 0.898148 0.390104 0.881481 0.395313 0.875000 0.402604 0.867593 0.410417 0.862963 0.416146 0.857407 0.423958 0.848148 0.433333 0.822222 0.436979 0.801852 0.435937 0.783333 0.431771 0.766667 0.425000 0.755556 0.420312 0.748148 0.417187 0.739815 0.414583 0.737037 0.408333 0.737037 0.403646 0.744444 0.404167 0.757407 0.406771 0.773148 0.410417 0.783333 0.410938 0.792593 0.409896 0.805556 0.407292 0.814815 0.403125 0.820370 0.396354 0.826852 0.391146 0.833333 0.384375 0.838889 0.378646 0.848148 0.373958 0.859259 0.370833 0.870370 0.364583 0.884259
33 0.359896 0.590741 0.380208 0.608333 0.424479 0.625926 0.456250 0.537037 0.454688 0.528704 0.407292 0.506481 0.404167 0.508333 0.393229 0.503704
25 0.212500 0.698148 0.216667 0.704630 0.220833 0.716667 0.223438 0.728704 0.225000 0.737037 0.226042 0.750926 0.226042 0.763889 0.220833 0.777778 0.209896 0.787037 0.201042 0.790741 0.193750 0.792593 0.183333 0.799074 0.166667 0.805556 0.153646 0.810185 0.144792 0.812963 0.137500 0.812963 0.126042 0.812963 0.116667 0.817593 0.099479 0.825000 0.088542 0.830556 0.079687 0.833333 0.078125 0.834259 0.077083 0.830556 0.077083 0.822222 0.079167 0.812037 0.083333 0.805556 0.090104 0.800000 0.100521 0.794444 0.112500 0.784259 0.118750 0.775926 0.129688 0.762963 0.143750 0.746296 0.157292 0.735185 0.171875 0.724074 0.190104 0.711111 0.205208 0.700000
31 0.927083 0.948148 0.936458 0.953704 0.945312 0.965741 0.948958 0.977778 0.950521 0.992593 0.948958 0.998148 0.915104 0.997222 0.911979 0.992593 0.905208 0.977778 0.883333 0.955556 0.860938 0.930556 0.844792 0.911111 0.833854 0.895370 0.828646 0.875000 0.826042 0.861111 0.822396 0.817593 0.819271 0.810185 0.806771 0.783333 0.785937 0.746296 0.765625 0.714815 0.747396 0.689815 0.741146 0.674074 0.744792 0.663889 0.763542 0.681481 0.773438 0.695370 0.777083 0.706481 0.789062 0.722222 0.804688 0.750000 0.815104 0.773148 0.827083 0.796296 0.831771 0.814815 0.835938 0.837963 0.840104 0.863889 0.847396 0.879630 0.857292 0.894444 0.872917 0.914815 0.884375 0.929630 0.896354 0.940741 0.912500 0.950926 0.919271 0.950926
26 0.865104 0.737037 0.864062 0.739815 0.867188 0.747222 0.884896 0.757407 0.901042 0.760185 0.914583 0.760185 0.931771 0.761111 0.945833 0.750000 0.952604 0.735185 0.958333 0.725000 0.964063 0.721296 0.974479 0.730556 0.982812 0.740741 0.984896 0.744444 0.982292 0.759259 0.978125 0.770370 0.973958 0.781481 0.973437 0.795370 0.977083 0.802778 0.982292 0.806481 0.988542 0.802778 0.992188 0.783333 0.992708 0.771296 0.998437 0.755556 0.996354 0.695370 0.976042 0.683333 0.963542 0.686111 0.952083 0.700926 0.942708 0.715741 0.935937 0.728704 0.928646 0.732407 0.917708 0.735185 0.906771 0.735185 0.895833 0.733333 0.888542 0.733333 0.878646 0.737037
27 0.893750 0.997222 0.763542 0.997222 0.743229 0.961111 0.710938 0.901852 0.667188 0.800000 0.647396 0.714815 0.618750 0.659259 0.585417 0.588889 0.538021 0.530556 0.491146 0.425000 0.463021 0.377778 0.438021 0.311111 0.408333 0.237963 0.362500 0.140741 0.347396 0.116667 0.356771 0.103704 0.525000 0.463889 0.629687 0.639815 0.663542 0.555556 0.418750 0.050926 0.427604 0.037963 0.455729 0.105556 0.482292 0.151852 0.525000 0.256481 0.574479 0.352778 0.620313 0.437963 0.647917 0.488889 0.687500 0.553704 0.714583 0.633333 0.744792 0.700926 0.762500 0.740741 0.777604 0.760185 0.807813 0.845370 0.828125 0.886111 0.851042 0.922222 0.876042 0.961111
23 0.541146 0.428704 0.539583 0.437037 0.538021 0.448148 0.538542 0.460185 0.541667 0.468519 0.546875 0.475000 0.554167 0.473148 0.558333 0.466667 0.561979 0.455556 0.561979 0.441667 0.558854 0.433333 0.553646 0.427778 0.547396 0.424074
30 0.775521 0.316667 0.738542 0.348148 0.731250 0.333333 0.719271 0.306481 0.698958 0.263889 0.684375 0.233333 0.673438 0.192593 0.664062 0.146296 0.663542 0.120370 0.666667 0.100926 0.672396 0.088889 0.677083 0.087037 0.682292 0.077778 0.687500 0.071296 0.697396 0.075926 0.706771 0.090741 0.713542 0.109259 0.720313 0.130556 0.723958 0.146296 0.725521 0.152778 0.732292 0.175000 0.736979 0.188889 0.742188 0.217593 0.756250 0.259259 0.760938 0.275926 0.771875 0.303704
27 0.458333 0.884259 0.467187 0.901852 0.476042 0.911111 0.490625 0.902778 0.502083 0.902778 0.509896 0.895370 0.513542 0.900000 0.518750 0.917593 0.526042 0.903704 0.532292 0.879630 0.530729 0.851852 0.521354 0.841667 0.509896 0.827778 0.501042 0.818519 0.492188 0.823148 0.488542 0.834259 0.484896 0.839815 0.481250 0.849074 0.472396 0.850926 0.467708 0.850926 0.463021 0.863889
26 0.264583 0.608333 0.266667 0.612963 0.271875 0.613889 0.275521 0.611111 0.282292 0.618519 0.288542 0.622222 0.291146 0.614815 0.287500 0.607407 0.284375 0.600926 0.283333 0.596296 0.288542 0.592593 0.290625 0.592593 0.294792 0.600926 0.301042 0.608333 0.305208 0.607407 0.309896 0.608333 0.318750 0.620370 0.334375 0.635185 0.347396 0.648148 0.356250 0.646296 0.365104 0.638889 0.370312 0.611111 0.370833 0.600000 0.365104 0.595370 0.364583 0.601852 0.362500 0.617593 0.358333 0.627778 0.351042 0.632407 0.341146 0.625000 0.323437 0.608333 0.313542 0.597222 0.310937 0.589815 0.304688 0.588889 0.302083 0.590741 0.299479 0.586111 0.295833 0.579630 0.292187 0.577778 0.288542 0.578704 0.283854 0.581481 0.279687 0.584259 0.276042 0.587963 0.270313 0.597222 0.266667 0.603704
27 0.210938 0.067593 0.208333 0.123148 0.250000 0.181481 0.333333 0.132407 0.332292 0.071296 0.300521 0.035185 0.296875 0.013889 0.295833 0.001852 0.252604 0.000926 0.247396 0.039815 0.213542 0.056481
27 0.044271 0.148148 0.220833 0.419444 0.429167 0.228704 0.254688 0.000000
26 0.418229 0.467593 0.433333 0.449074 0.451042 0.433333 0.476042 0.412037 0.493229 0.400926 0.506771 0.392593 0.525000 0.386111 0.543750 0.382407 0.564583 0.382407 0.588021 0.377778 0.606771 0.369444 0.621875 0.357407 0.635938 0.345370 0.664583 0.328704 0.691146 0.311111 0.710938 0.293519 0.710417 0.284259 0.705729 0.283333 0.689583 0.299074 0.661458 0.319444 0.640625 0.330556 0.625000 0.339815 0.604167 0.356481 0.583333 0.363889 0.561979 0.371296 0.537500 0.371296 0.514583 0.379630 0.489583 0.390741 0.467708 0.406481 0.441146 0.427778 0.423958 0.448148 0.415625 0.450926 0.398958 0.475000 0.385937 0.497222 0.378646 0.528704 0.376563 0.547222 0.387500 0.520370 0.397396 0.495370 0.408333 0.476852