8 0.396875 0.524074 0.426563 0.514815 0.468750 0.471296 0.503646 0.421296 0.516667 0.376852 0.519792 0.322222 0.519792 0.262963 0.515625 0.213889 0.500000 0.167593 0.475000 0.119444 0.445833 0.098148 0.389583 0.076852 0.351562 0.081481 0.303646 0.100000 0.266146 0.131481 0.228125 0.175000 0.208854 0.227778 0.198958 0.286111 0.193750 0.354630 0.197917 0.416667 0.222917 0.463889 0.248438 0.499074 0.277083 0.511111 0.318750 0.519444 0.338542 0.511111 0.351042 0.520370 0.366146 0.526852 0.385937 0.527778
26 0.235937 0.344444 0.242188 0.370370 0.303646 0.358333 0.344271 0.350926 0.352083 0.346296 0.352083 0.327778 0.338542 0.306481 0.321875 0.309259 0.298438 0.308333 0.273958 0.311111 0.254688 0.316667
25 0.515625 0.177778 0.509375 0.196296 0.515104 0.214815 0.519792 0.255556 0.541146 0.268519 0.556250 0.273148 0.572396 0.270370 0.595313 0.269444 0.613021 0.273148 0.634375 0.273148 0.634896 0.254630 0.626042 0.250926 0.618229 0.248148 0.604167 0.236111 0.589063 0.222222 0.568750 0.200000 0.547396 0.191667
25 0.598437 0.119444 0.595833 0.125926 0.594792 0.130556 0.596354 0.136111 0.598437 0.141667 0.598437 0.150000 0.595833 0.157407 0.595313 0.162963 0.597396 0.166667 0.602604 0.163889 0.613542 0.158333 0.619792 0.153704 0.623958 0.150926 0.631250 0.150000 0.633333 0.147222 0.633854 0.137963 0.631250 0.136111 0.626042 0.136111 0.622396 0.135185 0.617708 0.131481 0.615104 0.128704 0.611979 0.124074 0.607812 0.120370 0.603646 0.119444
25 0.672396 0.457407 0.666146 0.462037 0.661979 0.463889 0.657813 0.459259 0.657292 0.451852 0.659896 0.443519 0.659375 0.429630 0.661458 0.424074 0.665625 0.419444 0.668229 0.414815 0.669792 0.408333 0.671354 0.401852 0.672396 0.395370 0.672917 0.389815 0.672917 0.386111 0.673958 0.383333 0.676042 0.381481 0.678646 0.381481 0.681771 0.381481 0.684896 0.384259 0.687500 0.386111 0.688542 0.389815 0.686979 0.397222 0.686979 0.403704 0.686458 0.411111 0.685417 0.417593 0.684896 0.426852 0.684896 0.430556 0.687500 0.435185 0.692708 0.439815 0.696354 0.442593 0.700000 0.448148 0.697917 0.456481 0.690104 0.454630 0.686458 0.448148 0.683854 0.446296 0.681771 0.450926 0.678646 0.453704 0.675000 0.454630 0.672396 0.455556
25 0.590104 0.492593 0.588542 0.496296 0.588542 0.503704 0.589583 0.511111 0.592187 0.515741 0.594792 0.519444 0.598437 0.519444 0.617188 0.510185 0.637500 0.499074 0.640625 0.491667 0.641667 0.483333 0.638542 0.474074 0.634375 0.468519 0.631250 0.466667 0.618229 0.472222 0.607292 0.481481 0.598958 0.487037
27 0.858333 0.717593 0.863542 0.759259 0.864062 0.784259 0.860938 0.809259 0.858854 0.831481 0.856250 0.858333 0.848437 0.880556 0.837500 0.896296 0.829167 0.903704 0.728125 0.878704 0.551042 0.808333 0.421875 0.766667 0.286979 0.716667 0.063542 0.638889 0.000000 0.621296 0.000000 0.590741 0.165625 0.612037 0.205208 0.600926 0.207292 0.570370 0.133333 0.511111 0.000000 0.459259 0.000000 0.448148 0.112500 0.479630 0.236979 0.516667 0.338542 0.544444 0.387500 0.568519 0.445833 0.584259 0.505729 0.612037 0.614583 0.641667 0.704167 0.663889 0.817708 0.701852
31 0.601042 0.574074 0.603125 0.561111 0.611458 0.550926 0.618750 0.553704 0.624479 0.555556 0.627083 0.566667 0.626563 0.580556 0.625521 0.590741 0.635938 0.592593 0.645833 0.602778 0.642188 0.618519 0.627083 0.635185 0.618750 0.627778 0.612500 0.619444 0.606771 0.608333 0.596354 0.608333 0.575521 0.612963 0.538021 0.617593 0.521875 0.614815 0.497917 0.606481 0.491146 0.600000 0.479687 0.585185 0.466146 0.570370 0.442708 0.557407 0.430729 0.555556 0.388021 0.548148 0.355208 0.548148 0.347396 0.547222 0.345313 0.537037 0.345833 0.528704 0.347396 0.524074 0.354687 0.526852 0.359896 0.526852 0.371875 0.526852 0.383854 0.525926 0.418229 0.530556 0.450000 0.539815 0.471354 0.548148 0.483333 0.562963 0.495833 0.576852 0.504167 0.588889 0.521354 0.594444 0.537500 0.593519 0.572917 0.592593 0.600521 0.581481
30 0.205208 0.247222 0.201563 0.273148 0.198437 0.291667 0.176042 0.298148 0.163542 0.300000 0.144792 0.294444 0.110937 0.269444 0.091146 0.253704 0.072396 0.236111 0.059896 0.211111 0.044792 0.175000 0.041146 0.154630 0.043750 0.103704 0.048438 0.087037 0.058333 0.073148 0.066146 0.070370 0.078646 0.072222 0.082812 0.077778 0.093750 0.092593 0.104167 0.108333 0.118229 0.130556 0.130729 0.148148 0.135937 0.159259 0.151042 0.184259 0.169271 0.203704 0.181250 0.219444 0.197396 0.237037
26 0.194271 0.344444 0.193229 0.356481 0.184375 0.352778 0.168229 0.345370 0.158854 0.337963 0.155208 0.328704 0.147396 0.303704 0.147396 0.284259 0.152083 0.262037 0.160938 0.234259 0.167187 0.212963 0.167187 0.203704 0.163542 0.199074 0.161979 0.195370 0.167187 0.194444 0.171354 0.199074 0.173437 0.205556 0.171875 0.212963 0.169792 0.223148 0.166146 0.239815 0.160417 0.257407 0.154688 0.274074 0.152604 0.288889 0.153125 0.301852 0.156250 0.313889 0.163542 0.329630 0.169792 0.335185 0.183333 0.341667
26 0.000000 0.521296 0.000000 0.538889 0.006771 0.528704 0.021354 0.501852 0.030208 0.490741 0.043750 0.471296 0.056250 0.448148 0.066146 0.414815 0.075521 0.382407 0.083333 0.359259 0.100521 0.325926 0.111458 0.295370 0.118750 0.275000 0.111979 0.268519 0.104688 0.288889 0.095833 0.314815 0.087500 0.337037 0.078646 0.353704 0.073438 0.365741 0.063542 0.400000 0.054688 0.423148 0.047396 0.442593 0.039062 0.462037 0.022917 0.483333 0.011979 0.500000
23 0.046875 0.541667 0.040104 0.549074 0.037500 0.561111 0.038021 0.575000 0.043750 0.586111 0.048958 0.597222 0.059375 0.596296 0.065104 0.585185 0.066146 0.572222 0.065104 0.562037 0.061458 0.550926 0.056771 0.544444
25 0.056250 0.475000 0.058333 0.481481 0.063542 0.492593 0.073438 0.500000 0.081250 0.503704 0.093750 0.495370 0.109896 0.470370 0.107292 0.450000 0.096875 0.439815 0.091146 0.435185 0.082292 0.438889 0.078125 0.448148 0.075000 0.452778 0.072396 0.454630 0.068229 0.454630 0.066146 0.457407 0.064583 0.460185 0.061458 0.464815 0.058333 0.468519
25 0.910937 0.708333 0.908333 0.724074 0.907292 0.734259 0.909896 0.755556 0.914583 0.765741 0.917188 0.771296 0.916667 0.784259 0.916146 0.795370 0.915625 0.808333 0.915104 0.822222 0.919271 0.834259 0.922917 0.838889 0.926042 0.834259 0.928646 0.828704 0.931771 0.823148 0.933333 0.812963 0.935937 0.792593 0.941146 0.779630 0.948438 0.773148 0.957812 0.758333 0.954167 0.739815 0.951562 0.717593 0.946875 0.706481 0.938542 0.700000 0.928646 0.700000 0.924479 0.703704 0.914583 0.706481
23 0.829688 0.681481 0.825000 0.688889 0.825000 0.698148 0.826562 0.705556 0.829688 0.708333 0.834375 0.710185 0.842187 0.712963 0.848437 0.710185 0.851562 0.700000 0.851042 0.690741 0.847917 0.684259 0.844271 0.679630 0.838021 0.677778 0.833333 0.677778
25 0.772396 0.680556 0.767708 0.680556 0.766667 0.675926 0.769792 0.664815 0.772396 0.659259 0.774479 0.639815 0.778125 0.627778 0.784896 0.617593 0.789062 0.613889 0.792188 0.603704 0.795833 0.581481 0.795312 0.575926 0.798958 0.573148 0.805729 0.575000 0.808854 0.577778 0.810937 0.584259 0.809896 0.589815 0.808854 0.594444 0.807813 0.609259 0.806250 0.624074 0.811979 0.646296 0.812500 0.669444 0.809896 0.686111 0.807292 0.688889 0.806250 0.685185 0.808333 0.667593 0.808333 0.660185 0.807292 0.652778 0.804688 0.643519 0.800521 0.634259 0.797917 0.630556 0.792708 0.627778 0.789583 0.627778 0.786458 0.630556 0.784375 0.634259 0.781250 0.638889 0.778646 0.646296 0.778646 0.650926 0.782292 0.654630 0.784896 0.659259 0.783333 0.663889 0.779687 0.665741 0.777083 0.666667 0.773438 0.671296 0.771354 0.675000
27 0.199479 0.940741 0.194792 0.941667 0.193229 0.949074 0.193229 0.957407 0.192188 0.964815 0.189583 0.969444 0.186458 0.973148 0.181771 0.979630 0.183333 0.987037 0.189062 0.990741 0.197396 0.992593 0.198437 0.998148 0.250000 0.998148 0.252083 0.988889 0.251042 0.981481 0.246875 0.973148 0.243750 0.966667 0.244271 0.960185 0.241146 0.950000 0.237500 0.946296 0.232292 0.941667 0.228125 0.939815 0.226042 0.939815 0.223438 0.940741 0.219271 0.943519 0.215625 0.942593 0.211979 0.940741 0.205729 0.937037 0.202083 0.937037
25 0.564583 0.292593 0.563542 0.302778 0.563542 0.313889 0.565625 0.323148 0.567187 0.330556 0.570833 0.339815 0.573958 0.344444 0.582292 0.348148 0.592187 0.347222 0.598437 0.341667 0.602083 0.325926 0.603646 0.314815 0.603646 0.304630 0.602083 0.288889 0.600521 0.281481 0.598958 0.284259 0.596875 0.292593 0.595313 0.297222 0.592708 0.300926 0.589583 0.303704 0.583333 0.307407 0.579167 0.308333 0.574479 0.302778 0.569792 0.293519 0.566146 0.291667
26 0.509896 0.403704 0.514062 0.390741 0.515625 0.379630 0.518229 0.330556 0.525000 0.325000 0.534896 0.324074 0.539583 0.325926 0.541146 0.334259 0.541146 0.337963 0.534896 0.339815 0.530208 0.339815 0.528125 0.339815 0.526563 0.349074 0.531250 0.350926 0.547396 0.346296 0.559375 0.344444 0.563021 0.344444 0.566146 0.350000 0.567187 0.359259 0.566667 0.366667 0.563021 0.371296 0.563542 0.373148 0.567708 0.381481 0.571354 0.389815 0.575521 0.406481 0.574479 0.414815 0.570312 0.418519 0.565104 0.417593 0.559375 0.410185 0.555208 0.399074 0.552083 0.390741 0.550521 0.381481 0.550000 0.375000 0.528646 0.379630 0.529687 0.388889 0.528646 0.400000 0.519792 0.417593 0.507812 0.441667 0.495833 0.459259 0.478646 0.475000 0.466146 0.481481 0.465625 0.477778 0.470833 0.463889 0.481771 0.450926 0.502083 0.422222
23 0.998958 0.517593 0.998958 0.566667 0.994271 0.567593 0.990625 0.563889 0.988021 0.559259 0.986979 0.555556 0.985417 0.538889 0.986979 0.533333 0.990104 0.526852 0.993229 0.522222
27 0.934896 0.390741 0.925521 0.399074 0.923438 0.410185 0.951562 0.500926 0.955729 0.468519 0.943229 0.421296