23 0.307812 0.995370 0.303646 0.999074 0.283333 0.998148 0.279687 0.986111 0.278646 0.966667 0.281250 0.944444 0.289062 0.928704 0.300000 0.912963 0.313542 0.897222 0.331250 0.879630 0.341146 0.876852 0.352083 0.870370 0.358333 0.858333 0.359896 0.840741 0.359375 0.828704 0.355729 0.810185 0.349479 0.798148 0.341146 0.786111 0.327604 0.782407 0.307292 0.781481 0.295833 0.781481 0.278646 0.771296 0.273438 0.759259 0.273438 0.746296 0.277083 0.729630 0.285938 0.722222 0.296875 0.715741 0.314583 0.714815 0.332292 0.713889 0.345833 0.717593 0.359896 0.726852 0.370312 0.738889 0.381250 0.748148 0.389583 0.761111 0.397396 0.780556 0.400000 0.805556 0.402083 0.834259 0.401042 0.871296 0.391146 0.908333 0.376042 0.928704 0.360938 0.942593 0.346875 0.947222 0.333333 0.952778 0.323437 0.962037 0.318229 0.975000 0.311979 0.986111
23 0.473438 0.759259 0.479167 0.763889 0.482812 0.763889 0.490625 0.761111 0.498437 0.753704 0.510417 0.744444 0.526042 0.727778 0.535937 0.710185 0.542708 0.686111 0.545312 0.659259 0.544271 0.633333 0.540104 0.610185 0.531250 0.586111 0.521875 0.570370 0.509896 0.556481 0.497917 0.550000 0.489583 0.550000 0.482292 0.550000 0.476562 0.555556 0.473958 0.566667 0.474479 0.581481 0.479687 0.595370 0.494792 0.614815 0.504687 0.629630 0.511979 0.657407 0.509896 0.677778 0.497396 0.695370 0.483854 0.711111 0.475521 0.722222 0.473438 0.732407 0.471354 0.748148
25 0.352604 0.522222 0.350000 0.544444 0.347396 0.564815 0.347917 0.569444 0.350000 0.570370 0.354687 0.569444 0.358333 0.572222 0.363021 0.573148 0.370833 0.574074 0.377604 0.575000 0.386979 0.575926 0.393750 0.576852 0.397917 0.577778 0.406250 0.573148 0.408333 0.563889 0.407813 0.558333 0.414062 0.550926 0.416667 0.547222 0.416146 0.541667 0.412500 0.537037 0.407813 0.534259 0.402604 0.532407 0.394792 0.533333 0.389062 0.533333 0.383333 0.533333 0.379688 0.530556 0.368750 0.526852 0.360417 0.524074
25 0.154688 0.842593 0.154688 0.850926 0.156250 0.860185 0.158854 0.877778 0.161458 0.880556 0.167708 0.876852 0.175521 0.873148 0.184375 0.870370 0.192188 0.870370 0.198437 0.870370 0.200000 0.866667 0.198437 0.860185 0.197396 0.855556 0.198437 0.839815 0.204167 0.820370 0.210938 0.812963 0.216146 0.805556 0.219271 0.800000 0.216146 0.795370 0.209896 0.794444 0.203646 0.793519 0.198437 0.793519 0.192188 0.795370 0.185938 0.800000 0.180729 0.812963 0.176563 0.822222 0.171354 0.828704 0.168229 0.835185 0.163021 0.837963 0.155729 0.839815
29 0.321875 0.506481 0.328125 0.506481 0.337500 0.497222 0.343750 0.491667 0.349479 0.494444 0.347396 0.512963 0.344271 0.518519 0.344271 0.525926 0.341146 0.538889 0.335938 0.539815 0.329167 0.539815 0.321875 0.539815 0.316667 0.541667 0.322917 0.544444 0.333333 0.550000 0.339062 0.561111 0.340625 0.573148 0.336458 0.584259 0.325521 0.575926 0.316146 0.571296 0.309375 0.573148 0.305208 0.570370 0.301563 0.563889 0.297396 0.555556 0.289583 0.552778 0.283333 0.551852 0.264583 0.551852 0.259375 0.545370 0.253646 0.536111 0.244271 0.525926 0.237500 0.517593 0.229687 0.513889 0.220833 0.516667 0.210938 0.523148 0.198958 0.533333 0.192188 0.533333 0.188542 0.538889 0.178125 0.545370 0.162500 0.551852 0.154688 0.557407 0.141146 0.566667 0.132292 0.573148 0.123438 0.570370 0.106250 0.564815 0.092708 0.564815 0.084896 0.566667 0.068229 0.567593 0.050000 0.573148 0.032813 0.577778 0.025000 0.577778 0.000000 0.578704 0.000000 0.533333 0.005729 0.533333 0.020833 0.528704 0.040104 0.524074 0.057292 0.519444 0.071354 0.514815 0.083333 0.517593 0.093229 0.519444 0.106771 0.516667 0.115104 0.522222 0.118750 0.525926 0.126042 0.530556 0.131771 0.530556 0.139583 0.526852 0.152083 0.521296 0.161458 0.512963 0.171875 0.505556 0.186458 0.490741 0.194792 0.488889 0.205208 0.488889 0.212500 0.487037 0.223438 0.487963 0.250000 0.498148 0.265625 0.497222 0.283854 0.496296 0.293750 0.500000 0.302604 0.500926 0.307812 0.505556 0.314583 0.503704
29 0.000000 0.437963 0.004167 0.438889 0.009896 0.439815 0.023958 0.439815 0.038542 0.439815 0.054688 0.436111 0.066146 0.430556 0.079687 0.426852 0.096875 0.426852 0.115104 0.429630 0.131250 0.420370 0.140625 0.416667 0.157292 0.412963 0.167708 0.412963 0.169792 0.423148 0.168750 0.435185 0.170833 0.441667 0.175000 0.440741 0.175521 0.434259 0.175000 0.425000 0.176042 0.409259 0.190625 0.402778 0.200521 0.400000 0.216146 0.392593 0.244271 0.384259 0.269792 0.384259 0.291146 0.381481 0.319271 0.375000 0.345313 0.372222 0.363542 0.362037 0.377083 0.361111 0.389583 0.353704 0.397396 0.356481 0.399479 0.375000 0.398438 0.389815 0.420833 0.396296 0.435937 0.401852 0.451042 0.401852 0.460938 0.405556 0.470833 0.418519 0.482292 0.419444 0.491146 0.421296 0.504687 0.425926 0.523958 0.425926 0.530729 0.412963 0.526563 0.397222 0.516667 0.381481 0.505729 0.371296 0.483854 0.360185 0.478646 0.357407 0.470833 0.354630 0.453646 0.351852 0.438542 0.350926 0.430729 0.350926 0.424479 0.344444 0.420312 0.324074 0.434375 0.323148 0.457813 0.314815 0.463542 0.300000 0.475000 0.300000 0.478646 0.295370 0.485938 0.295370 0.496875 0.295370 0.503646 0.303704 0.513021 0.314815 0.517188 0.327778 0.525000 0.334259 0.543229 0.338889 0.556250 0.339815 0.568229 0.337037 0.577604 0.328704 0.585417 0.325000 0.590104 0.325926 0.595833 0.340741 0.599479 0.357407 0.600521 0.380556 0.598958 0.406481 0.598958 0.425926 0.604167 0.441667 0.616667 0.469444 0.628646 0.479630 0.648958 0.486111 0.656250 0.487963 0.677604 0.503704 0.702083 0.511111 0.726042 0.511111 0.743750 0.499074 0.752604 0.490741 0.763542 0.484259 0.778125 0.477778 0.795833 0.466667 0.811979 0.461111 0.819792 0.461111 0.832812 0.473148 0.843750 0.489815 0.853646 0.487037 0.859896 0.491667 0.867188 0.503704 0.882292 0.514815 0.888542 0.525000 0.892188 0.536111 0.901042 0.544444 0.910937 0.550000 0.920833 0.552778 0.918750 0.535185 0.911458 0.511111 0.905729 0.487037 0.892188 0.476852 0.879167 0.469444 0.866667 0.457407 0.860417 0.448148 0.857812 0.433333 0.865625 0.417593 0.871875 0.403704 0.878125 0.400000 0.885417 0.391667 0.886979 0.386111 0.885417 0.374074 0.879167 0.335185 0.878646 0.324074 0.882292 0.298148 0.881771 0.286111 0.885938 0.288889 0.898438 0.297222 0.904687 0.299074 0.910937 0.310185 0.919792 0.322222 0.930729 0.327778 0.939583 0.324074 0.949479 0.301852 0.948958 0.287963 0.946875 0.262963 0.943750 0.239815 0.937500 0.217593 0.933333 0.209259 0.929167 0.201852 0.926042 0.190741 0.916146 0.181481 0.903125 0.171296 0.895312 0.162037 0.888542 0.144444 0.882812 0.137037 0.872396 0.124074 0.866146 0.121296 0.858333 0.112963 0.850000 0.104630 0.838542 0.092593 0.819792 0.060185 0.811458 0.041667 0.806771 0.028704 0.795833 0.026852 0.784896 0.029630 0.776042 0.030556 0.771354 0.031481 0.762500 0.019444 0.754687 0.010185 0.750000 0.008333 0.746875 0.018519 0.742188 0.033333 0.732812 0.050926 0.728125 0.059259 0.720833 0.062963 0.716146 0.061111 0.708854 0.056481 0.698958 0.054630 0.689583 0.052778 0.684896 0.051852 0.669792 0.066667 0.654687 0.068519 0.645833 0.078704 0.640625 0.084259 0.630729 0.085185 0.625000 0.082407 0.620833 0.081481 0.609896 0.086111 0.591667 0.083333 0.582812 0.085185 0.573958 0.087037 0.559375 0.094444 0.552083 0.098148 0.542188 0.097222 0.533333 0.096296 0.529687 0.093519 0.517708 0.092593 0.508333 0.097222 0.498958 0.101852 0.493229 0.103704 0.487500 0.117593 0.481250 0.130556 0.472917 0.145370 0.466667 0.146296 0.458333 0.145370 0.447396 0.150926 0.439063 0.152778 0.426563 0.165741 0.413542 0.181481 0.404167 0.195370 0.395313 0.200000 0.382812 0.197222 0.375521 0.199074 0.372396 0.190741 0.363542 0.185185 0.352083 0.191667 0.335938 0.200000 0.326042 0.208333 0.317708 0.214815 0.309896 0.222222 0.302083 0.225926 0.294792 0.229630 0.285938 0.230556 0.277604 0.227778 0.270313 0.220370 0.264583 0.221296 0.249479 0.234259 0.234896 0.237037 0.225000 0.237963 0.215625 0.228704 0.210938 0.227778 0.200000 0.224074 0.192188 0.229630 0.176563 0.241667 0.166146 0.245370 0.155729 0.248148 0.149479 0.249074 0.144792 0.248148 0.133333 0.249074 0.126042 0.257407 0.119792 0.266667 0.108333 0.270370 0.097917 0.270370 0.085417 0.277778 0.069792 0.281481 0.050000 0.274074 0.037500 0.274074 0.026042 0.277778 0.007292 0.271296 0.000000 0.270370
30 0.067187 0.265741 0.065625 0.253704 0.065104 0.239815 0.065625 0.230556 0.068750 0.219444 0.074479 0.210185 0.078646 0.203704 0.083333 0.199074 0.087500 0.194444 0.091146 0.194444 0.093750 0.198148 0.094792 0.208333 0.095833 0.221296 0.094792 0.241667 0.092188 0.254630 0.086458 0.266667 0.083333 0.270370 0.080208 0.270370 0.076042 0.266667 0.070312 0.264815
25 0.152604 0.142593 0.153646 0.150926 0.155729 0.162037 0.160417 0.166667 0.165625 0.175926 0.168229 0.187037 0.169792 0.200000 0.173437 0.202778 0.183333 0.201852 0.190625 0.200000 0.195833 0.194444 0.205208 0.187037 0.218750 0.177778 0.231250 0.167593 0.242188 0.151852 0.250000 0.137037 0.258333 0.123148 0.262500 0.114815 0.261979 0.107407 0.260417 0.103704 0.256250 0.103704 0.234896 0.109259 0.226042 0.111111 0.213542 0.112963 0.191146 0.116667 0.181250 0.118519 0.170833 0.122222 0.163021 0.124074 0.157812 0.127778 0.155208 0.132407 0.153646 0.137963
30 0.967708 0.524074 0.971354 0.519444 0.976042 0.515741 0.980208 0.514815 0.984896 0.517593 0.988542 0.519444 0.992188 0.522222 0.994271 0.530556 0.994271 0.539815 0.994271 0.548148 0.995313 0.555556 0.992188 0.561111 0.988542 0.562037 0.984896 0.562963 0.978125 0.562037 0.973958 0.558333 0.969792 0.554630 0.967187 0.548148 0.965625 0.536111 0.964583 0.528704
27 0.822396 0.246296 0.832292 0.251852 0.851042 0.253704 0.851042 0.259259 0.843229 0.274074 0.836979 0.290741 0.829688 0.305556 0.822917 0.324074 0.813542 0.335185 0.800521 0.337963 0.786979 0.333333 0.770312 0.324074 0.756771 0.302778 0.744792 0.288889 0.754167 0.279630
27 0.954167 0.222222 0.957292 0.228704 0.964583 0.230556 0.970833 0.225000 0.975521 0.217593 0.983854 0.230556 0.990104 0.226852 0.990625 0.214815 0.983333 0.208333 0.981250 0.195370 0.976042 0.190741 0.971354 0.195370 0.967708 0.206481 0.960417 0.206481 0.955208 0.210185 0.953125 0.215741