29 0.000521 0.505556 0.014583 0.509259 0.031250 0.512963 0.050521 0.514815 0.080729 0.512963 0.106250 0.500000 0.133333 0.485185 0.166146 0.472222 0.201042 0.459259 0.221875 0.453704 0.229687 0.456481 0.242188 0.469444 0.263542 0.479630 0.276562 0.481481 0.288021 0.475000 0.295833 0.470370 0.300521 0.474074 0.295312 0.497222 0.287500 0.533333 0.290625 0.562037 0.310937 0.603704 0.328646 0.607407 0.340104 0.619444 0.351042 0.637963 0.370312 0.644444 0.391146 0.644444 0.419792 0.633333 0.459896 0.612963 0.487500 0.604630 0.504167 0.599074 0.524479 0.598148 0.545312 0.613889 0.554167 0.620370 0.568229 0.628704 0.579688 0.646296 0.584896 0.659259 0.591667 0.673148 0.600521 0.679630 0.613021 0.680556 0.618750 0.663889 0.613542 0.635185 0.608333 0.614815 0.590104 0.598148 0.570833 0.593519 0.563021 0.581481 0.573438 0.562037 0.595313 0.518519 0.596875 0.501852 0.601042 0.471296 0.608854 0.452778 0.622396 0.435185 0.632292 0.426852 0.647396 0.425926 0.668750 0.435185 0.676042 0.450926 0.686458 0.457407 0.707812 0.452778 0.715625 0.424074 0.715625 0.392593 0.709896 0.369444 0.703646 0.336111 0.694792 0.305556 0.681771 0.290741 0.666667 0.266667 0.657292 0.258333 0.633333 0.241667 0.622396 0.225926 0.609896 0.201852 0.601042 0.178704 0.563542 0.183333 0.540104 0.196296 0.519792 0.202778 0.494271 0.201852 0.463542 0.196296 0.446875 0.201852 0.426042 0.223148 0.406250 0.229630 0.384375 0.234259 0.369271 0.229630 0.350000 0.239815 0.333333 0.250000 0.310417 0.259259 0.291667 0.257407 0.268750 0.250000 0.250521 0.251852 0.231771 0.265741 0.221875 0.282407 0.216146 0.303704 0.201042 0.302778 0.188542 0.308333 0.170833 0.323148 0.158854 0.337037 0.133854 0.352778 0.101042 0.355556 0.078125 0.362037 0.060417 0.372222 0.038542 0.375000 0.018750 0.373148 0.001563 0.370370
23 0.119792 0.831481 0.118750 0.819444 0.119792 0.806481 0.122917 0.799074 0.131771 0.794444 0.142187 0.787963 0.152604 0.772222 0.160938 0.749074 0.163542 0.725926 0.160938 0.715741 0.159375 0.705556 0.157292 0.691667 0.155729 0.679630 0.156771 0.668519 0.160417 0.660185 0.162500 0.660185 0.169271 0.662037 0.179167 0.665741 0.188542 0.674074 0.195312 0.688889 0.198437 0.711111 0.198437 0.728704 0.195833 0.749074 0.187500 0.786111 0.178125 0.805556 0.165104 0.818519 0.152604 0.826852 0.141146 0.835185 0.128125 0.839815 0.123438 0.838889
23 0.000000 0.837963 0.000000 0.775000 0.009375 0.778704 0.020833 0.787963 0.033333 0.804630 0.046875 0.824074 0.051042 0.846296 0.050000 0.892593 0.041146 0.914815 0.024479 0.947222 0.016146 0.955556 0.006250 0.962963 0.000000 0.963889 0.000000 0.900000 0.005729 0.897222 0.009896 0.888889 0.011979 0.877778 0.013542 0.863889 0.010417 0.852778 0.006250 0.843519 0.004687 0.838889
25 0.051562 0.662037 0.051042 0.650000 0.053646 0.636111 0.060937 0.628704 0.068750 0.628704 0.079687 0.634259 0.086979 0.637963 0.102083 0.638889 0.110937 0.646296 0.112500 0.652778 0.107292 0.659259 0.103646 0.662963 0.094271 0.677778 0.088542 0.678704 0.083854 0.676852 0.075000 0.675926 0.066146 0.673148 0.056250 0.672222 0.052083 0.668519
23 0.789583 0.634259 0.786458 0.643519 0.783854 0.657407 0.784896 0.673148 0.791146 0.689815 0.798958 0.702778 0.807292 0.714815 0.817708 0.726852 0.827083 0.737037 0.835417 0.750926 0.842708 0.757407 0.850000 0.762963 0.856250 0.763889 0.857292 0.756481 0.853646 0.744444 0.842187 0.724074 0.831250 0.701852 0.821875 0.678704 0.819792 0.667593 0.816667 0.648148 0.810937 0.637037 0.803646 0.633333 0.797396 0.631481
30 0.678646 0.655556 0.679167 0.663889 0.678646 0.673148 0.680729 0.681481 0.683333 0.686111 0.688021 0.688889 0.693229 0.690741 0.700000 0.690741 0.705729 0.690741 0.710417 0.688889 0.713021 0.686111 0.712500 0.680556 0.712500 0.675926 0.712500 0.668519 0.712500 0.662037 0.710417 0.652778 0.705208 0.648148 0.701042 0.647222 0.696354 0.645370 0.691667 0.643519 0.685417 0.645370 0.681771 0.648148
25 0.000000 0.281481 0.000000 0.341667 0.006771 0.341667 0.016146 0.335185 0.020833 0.328704 0.028646 0.324074 0.041146 0.317593 0.051042 0.301852 0.057292 0.288889 0.059896 0.277778 0.058854 0.270370 0.054167 0.270370 0.039583 0.270370 0.018750 0.273148 0.007292 0.275000
1 0.941146 0.286111 0.948958 0.291667 0.955208 0.301852 0.963542 0.312963 0.967708 0.324074 0.973958 0.335185 0.976042 0.350000 0.975000 0.362963 0.970833 0.375000 0.965625 0.382407 0.954688 0.384259 0.941667 0.375926 0.934896 0.370370 0.927083 0.358333 0.922917 0.340741 0.920833 0.330556 0.919792 0.313889 0.921875 0.302778 0.927083 0.290741 0.932813 0.286111
27 0.450521 0.423148 0.455729 0.445370 0.461979 0.450926 0.472396 0.452778 0.493750 0.465741 0.504167 0.468519 0.530208 0.466667 0.557292 0.430556 0.577083 0.403704 0.586458 0.395370 0.585938 0.387037 0.572396 0.387963 0.557813 0.384259 0.539062 0.388889 0.493750 0.406481
27 0.747917 0.361111 0.755208 0.362963 0.762500 0.359259 0.768750 0.350926 0.773958 0.344444 0.779687 0.360185 0.785937 0.355556 0.785937 0.343519 0.779687 0.330556 0.776042 0.322222 0.770833 0.322222 0.765104 0.329630 0.759896 0.338889 0.750521 0.341667 0.745833 0.349074 0.744271 0.357407
26 0.907292 0.352778 0.914583 0.369444 0.923438 0.379630 0.931250 0.388889 0.931771 0.397222 0.922917 0.422222 0.915104 0.452778 0.915104 0.463889 0.928646 0.446296 0.936979 0.420370 0.944792 0.397222 0.943229 0.379630 0.930729 0.368519 0.919271 0.354630
30 0.885417 0.205556 0.879167 0.211111 0.876042 0.222222 0.875000 0.236111 0.878646 0.245370 0.888542 0.246296 0.902083 0.261111 0.910937 0.261111 0.913021 0.248148 0.904687 0.227778 0.898438 0.214815 0.891146 0.206481