29 0.000000 0.536111 0.008854 0.547222 0.023958 0.555556 0.048438 0.561111 0.058854 0.553704 0.065625 0.555556 0.066667 0.562963 0.061979 0.573148 0.053646 0.590741 0.045312 0.612037 0.041146 0.646296 0.045833 0.692593 0.050521 0.712963 0.067187 0.728704 0.084375 0.750000 0.095312 0.757407 0.115625 0.759259 0.132292 0.759259 0.143750 0.755556 0.168750 0.746296 0.185938 0.733333 0.204167 0.727778 0.227604 0.724074 0.250000 0.719444 0.258854 0.713889 0.277083 0.719444 0.291667 0.731481 0.308854 0.732407 0.321354 0.741667 0.334896 0.766667 0.342187 0.795370 0.345833 0.818519 0.356250 0.825926 0.367188 0.825000 0.376042 0.810185 0.376563 0.792593 0.379688 0.777778 0.379688 0.761111 0.364583 0.740741 0.347396 0.719444 0.332292 0.712963 0.326562 0.700000 0.331250 0.680556 0.353646 0.651852 0.371354 0.629630 0.377604 0.612963 0.378646 0.597222 0.384896 0.564815 0.395833 0.535185 0.407292 0.522222 0.418750 0.508333 0.423438 0.495370 0.432812 0.492593 0.448958 0.494444 0.452083 0.490741 0.456250 0.492593 0.468750 0.496296 0.473438 0.506481 0.480208 0.513889 0.485938 0.524074 0.494792 0.533333 0.506250 0.535185 0.522396 0.523148 0.530729 0.503704 0.544792 0.479630 0.549479 0.454630 0.545833 0.406481 0.545833 0.357407 0.539062 0.328704 0.528125 0.314815 0.516146 0.300000 0.502083 0.281481 0.488542 0.270370 0.463542 0.211111 0.451042 0.199074 0.442188 0.190741 0.418750 0.187037 0.402083 0.179630 0.397917 0.177778 0.391146 0.183333 0.382812 0.205556 0.376042 0.216667 0.377083 0.237037 0.381250 0.244444 0.382812 0.251852 0.381250 0.256481 0.376042 0.262037 0.372396 0.262037 0.364583 0.257407 0.357292 0.250926 0.344271 0.241667 0.334896 0.237037 0.318229 0.233333 0.304688 0.231481 0.292187 0.230556 0.267708 0.235185 0.254688 0.240741 0.240104 0.248148 0.228646 0.252778 0.214062 0.255556 0.197917 0.260185 0.186979 0.265741 0.172917 0.270370 0.162500 0.269444 0.148438 0.275000 0.134896 0.286111 0.127083 0.297222 0.123438 0.306481 0.122396 0.315741 0.108854 0.322222 0.101042 0.319444 0.088542 0.317593 0.072396 0.314815 0.062500 0.312963 0.047396 0.307407 0.035937 0.306481 0.028646 0.309259 0.019792 0.316667 0.012500 0.325000 0.001042 0.350926
1 0.846354 0.304630 0.855208 0.310185 0.863542 0.320370 0.870833 0.332407 0.882812 0.362037 0.885938 0.381481 0.886458 0.406481 0.878646 0.425926 0.867188 0.433333 0.853125 0.433333 0.835417 0.416667 0.832292 0.402778 0.826042 0.379630 0.818750 0.352778 0.819792 0.336111 0.823958 0.324074 0.829688 0.312963 0.837500 0.308333
25 0.938542 0.312037 0.924479 0.352778 0.903646 0.416667 0.895833 0.407407 0.892708 0.395370 0.892188 0.373148 0.894792 0.351852 0.899479 0.333333 0.904167 0.317593 0.911458 0.306481 0.919271 0.300926 0.928646 0.300000 0.935417 0.304630
8 0.999479 0.264815 0.998958 0.772222 0.972917 0.735185 0.952083 0.692593 0.927604 0.628704 0.909896 0.549074 0.902083 0.504630 0.902083 0.461111 0.913542 0.403704 0.932292 0.337037 0.947917 0.308333 0.963542 0.279630 0.980208 0.265741
30 0.442708 0.808333 0.445833 0.822222 0.452083 0.828704 0.459896 0.834259 0.473438 0.837037 0.486979 0.835185 0.489583 0.829630 0.485417 0.825000 0.470313 0.817593 0.479687 0.815741 0.486979 0.814815 0.489583 0.811111 0.489063 0.803704 0.487500 0.795370 0.482292 0.790741 0.472917 0.785185 0.467187 0.782407 0.458333 0.779630 0.453646 0.779630 0.449479 0.784259 0.444792 0.789815 0.441667 0.795370 0.441146 0.801852
23 0.657292 0.910185 0.664062 0.925926 0.672396 0.942593 0.672396 0.946296 0.670833 0.950926 0.659896 0.950926 0.648438 0.939815 0.639583 0.930556 0.620833 0.909259 0.609896 0.887963 0.588542 0.848148 0.581250 0.823148 0.580729 0.805556 0.582292 0.785185 0.583854 0.777778 0.590625 0.766667 0.598958 0.761111 0.606771 0.763889 0.613021 0.770370 0.617188 0.788889 0.623437 0.808333 0.628125 0.830556 0.630208 0.841667 0.632292 0.852778 0.642708 0.871296 0.652083 0.890741 0.656250 0.900926
26 0.998437 0.856481 0.998437 0.994444 0.894271 0.998148 0.890104 0.979630 0.887500 0.960185 0.886458 0.940741 0.887500 0.913889 0.892188 0.895370 0.900521 0.884259 0.912500 0.876852 0.926042 0.872222 0.944792 0.863889 0.956250 0.858333 0.968750 0.854630 0.984896 0.854630
27 0.198437 0.511111 0.193750 0.517593 0.189583 0.533333 0.196875 0.536111 0.202083 0.533333 0.210938 0.536111 0.226042 0.541667 0.235417 0.541667 0.258854 0.559259 0.264583 0.555556 0.275000 0.554630 0.286979 0.555556 0.301042 0.551852 0.317188 0.533333 0.330208 0.517593 0.347396 0.503704 0.357292 0.491667 0.369271 0.475926 0.381250 0.464815 0.373437 0.457407 0.368229 0.455556 0.356250 0.452778 0.349479 0.454630 0.339062 0.450926
27 0.598437 0.407407 0.609896 0.403704 0.621875 0.392593 0.629167 0.382407 0.638542 0.403704 0.644792 0.390741 0.642708 0.374074 0.636458 0.358333 0.627083 0.360185 0.618750 0.369444 0.610938 0.380556 0.598437 0.386111 0.595833 0.398148 0.594792 0.406481
26 0.826562 0.431481 0.825521 0.447222 0.785937 0.524074 0.793229 0.533333 0.805729 0.523148 0.820312 0.497222 0.835417 0.462037 0.843750 0.440741 0.834896 0.422222 0.818750 0.404630 0.804688 0.392593 0.799479 0.400000 0.811458 0.419444
30 0.792188 0.206481 0.786979 0.215741 0.783333 0.232407 0.782292 0.248148 0.792708 0.250926 0.797917 0.246296 0.808333 0.264815 0.817708 0.267593 0.822396 0.254630 0.816146 0.237037 0.806250 0.217593 0.800000 0.208333
27 0.864062 0.616667 0.862500 0.660185 0.854688 0.741667 0.876042 0.759259 0.910417 0.768519 0.942187 0.753704 0.951042 0.719444 0.937500 0.679630 0.914583 0.647222 0.889583 0.623148
25 0.879687 0.213889 0.867708 0.204630 0.872396 0.187963 0.879167 0.188889 0.890625 0.206481 0.906250 0.225926 0.914583 0.240741 0.907292 0.245370 0.898438 0.248148 0.887500 0.234259 0.873437 0.225926 0.870313 0.217593
25 0.919792 0.193519 0.907292 0.192593 0.901042 0.201852 0.903125 0.215741 0.913021 0.232407 0.924479 0.241667 0.936458 0.237037 0.943229 0.221296 0.938542 0.202778 0.928646 0.195370
25 0.864062 0.225926 0.863021 0.237037 0.874479 0.250926 0.876563 0.246296 0.870313 0.237037 0.867708 0.229630
25 0.852083 0.235185 0.845833 0.235185 0.844271 0.241667 0.850521 0.248148 0.857292 0.245370 0.856250 0.238889