30 0.453646 0.998148 0.457292 0.986111 0.464583 0.966667 0.475000 0.946296 0.486979 0.925926 0.502083 0.911111 0.526042 0.897222 0.555208 0.887963 0.562500 0.886111 0.572917 0.875000 0.580208 0.868519 0.583854 0.870370 0.589063 0.859259 0.594792 0.848148 0.600521 0.845370 0.605208 0.851852 0.613542 0.852778 0.616667 0.862963 0.617708 0.875926 0.622396 0.875000 0.631250 0.874074 0.641146 0.883333 0.647396 0.868519 0.653125 0.865741 0.654687 0.858333 0.661458 0.857407 0.663021 0.865741 0.666146 0.868519 0.668750 0.877778 0.671875 0.873148 0.676042 0.872222 0.677083 0.890741 0.677604 0.903704 0.679167 0.925926 0.685937 0.933333 0.687500 0.950926 0.683854 0.962037 0.683333 0.988889 0.684896 0.998148
26 0.453646 0.998148 0.457813 0.984259 0.464583 0.965741 0.475000 0.945370 0.486458 0.926852 0.502604 0.911111 0.526042 0.896296 0.555208 0.887037 0.562500 0.886111 0.569271 0.879630 0.555729 0.875000 0.535937 0.877778 0.514583 0.883333 0.495312 0.897222 0.480729 0.912963 0.463542 0.941667 0.452083 0.962037 0.442708 0.989815 0.441146 0.999074
26 0.677083 0.885185 0.677604 0.903704 0.688542 0.894444 0.702083 0.881481 0.719792 0.866667 0.734896 0.858333 0.754167 0.852778 0.777083 0.850926 0.796354 0.855556 0.818229 0.863889 0.839583 0.873148 0.863542 0.888889 0.884896 0.902778 0.903646 0.912963 0.908333 0.893519 0.896354 0.891667 0.867188 0.873148 0.845833 0.859259 0.816667 0.847222 0.795312 0.839815 0.769792 0.836111 0.738021 0.841667 0.714583 0.851852 0.689583 0.871296
1 0.441146 0.260185 0.440104 0.266667 0.444792 0.295370 0.451042 0.329630 0.460938 0.337963 0.470833 0.342593 0.488021 0.339815 0.498958 0.330556 0.504687 0.310185 0.510938 0.275000 0.511458 0.269444 0.505729 0.250926 0.492188 0.216667 0.473438 0.203704 0.466667 0.201852 0.455208 0.208333 0.450000 0.219444 0.444792 0.245370
8 0.495833 0.406481 0.500521 0.345370 0.511458 0.270370 0.533854 0.207407 0.563542 0.169444 0.614583 0.141667 0.659375 0.137037 0.720313 0.155556 0.781250 0.189815 0.825000 0.230556 0.877604 0.297222 0.926042 0.377778 0.944792 0.433333 0.965104 0.525926 0.967187 0.612963 0.958333 0.678704 0.895312 0.815741 0.842708 0.855556 0.729167 0.845370 0.663542 0.800926 0.606250 0.738889 0.565104 0.668519 0.528125 0.599074 0.504687 0.522222 0.497917 0.450000
26 0.700521 0.514815 0.920833 0.526852 0.920833 0.564815 0.917188 0.614815 0.773438 0.601852 0.711458 0.535185
23 0.747917 0.574074 0.731771 0.553704 0.726562 0.536111 0.726562 0.521296 0.732292 0.510185 0.743750 0.504630 0.760938 0.510185 0.777083 0.526852 0.785937 0.554630 0.784896 0.569444 0.768750 0.587963 0.759896 0.587037
30 0.750521 0.484259 0.748958 0.469444 0.751042 0.456481 0.756250 0.451852 0.764062 0.450000 0.769792 0.454630 0.773438 0.462037 0.775000 0.471296 0.772917 0.479630 0.773438 0.487037 0.772917 0.493519 0.769271 0.495370 0.762500 0.495370 0.757812 0.490741
27 0.459896 0.597222 0.437500 0.727778 0.453646 0.734259 0.466146 0.743519 0.489583 0.745370 0.509896 0.735185 0.536979 0.717593 0.546875 0.699074 0.545833 0.675000 0.542188 0.658333 0.523958 0.635185 0.501563 0.617593
23 0.148438 0.998148 0.180729 0.997222 0.173958 0.979630 0.160938 0.948148 0.152604 0.922222 0.142187 0.887963 0.135417 0.858333 0.130729 0.834259 0.127604 0.832407 0.121875 0.835185 0.116146 0.845370 0.108854 0.856481 0.094792 0.872222 0.085938 0.890741 0.103125 0.912963 0.116146 0.947222 0.132292 0.975926
29 0.000521 0.487037 0.009896 0.514815 0.027604 0.540741 0.038542 0.563889 0.052083 0.563889 0.077083 0.543519 0.084896 0.519444 0.092708 0.502778 0.101042 0.463889 0.108333 0.439815 0.110937 0.406481 0.113542 0.379630 0.113542 0.338889 0.092708 0.293519 0.080729 0.271296 0.067187 0.242593 0.052083 0.228704 0.034896 0.207407 0.029167 0.195370 0.016146 0.190741 0.002604 0.192593 0.000000 0.201852 0.002083 0.225926 0.003646 0.244444 0.010937 0.238889 0.026042 0.233333 0.031250 0.227778 0.036458 0.239815 0.048958 0.268519 0.058854 0.281481 0.070833 0.295370 0.077604 0.313889 0.083333 0.333333 0.089583 0.354630 0.089583 0.364815 0.088542 0.388889 0.078646 0.412963 0.074479 0.423148 0.071354 0.450000 0.068229 0.473148 0.066146 0.489815 0.059375 0.497222 0.050000 0.494444 0.044271 0.490741 0.030729 0.488889 0.022396 0.488889 0.014063 0.491667 0.013542 0.484259 0.017188 0.466667 0.016146 0.451852 0.014583 0.437963 0.020313 0.425926 0.028646 0.417593 0.032292 0.408333 0.035937 0.399074 0.044271 0.388889 0.054167 0.375000 0.064583 0.357407 0.063542 0.357407 0.054688 0.368519 0.047917 0.375926 0.037500 0.387963 0.028646 0.396296 0.017188 0.414815 0.007812 0.426852 0.005208 0.439815 0.005208 0.455556 0.004687 0.470370 0.002083 0.484259
29 0.000000 0.393519 0.011458 0.389815 0.019792 0.365741 0.023438 0.341667 0.027083 0.313889 0.029687 0.292593 0.030729 0.272222 0.029687 0.260185 0.023438 0.261111 0.007812 0.270370 0.000000 0.279630
30 0.375000 0.984259 0.380208 0.988889 0.385937 0.998148 0.398438 0.998148 0.402083 0.996296 0.407813 0.977778 0.407292 0.958333 0.400521 0.945370 0.393229 0.937037 0.384375 0.937963 0.377604 0.948148 0.374479 0.958333 0.373437 0.974074
26 0.363542 0.498148 0.369792 0.506481 0.398438 0.459259 0.433333 0.402778 0.453125 0.364815 0.451042 0.357407 0.439583 0.341667 0.413542 0.314815 0.411979 0.317593 0.415104 0.324074 0.427083 0.342593 0.433854 0.353704 0.434896 0.360185 0.433854 0.369444 0.427604 0.386111 0.406771 0.425000 0.373437 0.475000
27 0.936979 0.374074 0.930729 0.268519 0.920833 0.162963 0.930729 0.130556 0.953646 0.121296 0.975000 0.129630 0.993750 0.168519 0.998437 0.719444 0.984375 0.738889 0.969792 0.731481 0.963542 0.695370 0.968229 0.628704 0.967187 0.525926 0.946875 0.437963
25 0.794792 0.941667 0.785937 0.948148 0.782292 0.949074 0.779687 0.937037 0.781250 0.920370 0.783333 0.908333 0.788021 0.895370 0.790104 0.883333 0.793229 0.864815 0.794792 0.857407 0.814063 0.862037 0.823438 0.868519 0.827604 0.879630 0.831250 0.888889 0.833333 0.901852 0.834375 0.912963 0.830729 0.935185 0.825000 0.941667 0.817708 0.944444 0.811458 0.943519 0.810937 0.939815 0.814063 0.925926 0.814583 0.914815 0.811979 0.911111 0.807292 0.908333 0.803646 0.906481 0.797917 0.911111 0.795312 0.914815 0.794271 0.919444 0.793229 0.932407
27 0.172917 0.361111 0.168750 0.366667 0.166667 0.371296 0.165104 0.379630 0.164583 0.384259 0.170833 0.387037 0.179688 0.384259 0.186458 0.376852 0.193229 0.367593 0.201563 0.355556 0.208333 0.357407 0.210417 0.364815 0.213542 0.369444 0.218229 0.363889 0.219792 0.355556 0.218750 0.344444 0.216146 0.333333 0.211979 0.328704 0.204687 0.326852 0.196354 0.335185 0.189062 0.345370 0.184375 0.354630 0.180208 0.362037 0.176042 0.363889
30 0.410938 0.146296 0.415625 0.148148 0.422396 0.145370 0.425521 0.147222 0.434375 0.150926 0.446875 0.158333 0.449479 0.161111 0.454688 0.156481 0.453646 0.149074 0.448437 0.137037 0.442188 0.117593 0.433854 0.105556 0.425521 0.103704 0.417187 0.110185 0.414583 0.117593 0.412500 0.128704 0.410938 0.137037
25 0.526042 0.068519 0.535937 0.061111 0.545833 0.068519 0.556771 0.077778 0.564583 0.087037 0.570312 0.093519 0.573438 0.098148 0.572396 0.101852 0.569792 0.101852 0.560417 0.094444 0.555729 0.088889 0.553125 0.088889 0.553646 0.097222 0.555729 0.104630 0.554688 0.108333 0.548438 0.105556 0.540625 0.097222 0.531250 0.090741 0.526042 0.086111 0.527604 0.084259 0.532292 0.083333 0.536979 0.081481 0.541146 0.079630 0.542188 0.079630 0.532292 0.077778 0.529687 0.074074
25 0.515104 0.114815 0.514583 0.100926 0.517708 0.104630 0.521354 0.108333 0.525000 0.111111 0.528646 0.114815 0.529167 0.115741 0.529167 0.118519 0.523438 0.117593 0.519792 0.115741
25 0.490104 0.117593 0.492708 0.122222 0.495833 0.124074 0.500521 0.124074 0.503125 0.122222 0.499479 0.117593 0.496875 0.117593 0.494271 0.115741 0.492188 0.114815
25 0.576042 0.054630 0.583333 0.052778 0.590104 0.050926 0.594792 0.048148 0.598437 0.050926 0.604167 0.055556 0.606771 0.056481 0.605208 0.071296 0.606250 0.081481 0.607292 0.088889 0.607292 0.095370 0.602083 0.097222 0.594792 0.095370 0.588542 0.095370 0.583854 0.092593 0.580208 0.089815 0.576562 0.085185 0.573438 0.080556 0.572396 0.073148 0.572917 0.066667 0.573438 0.059259