27 0.353125 0.272222 0.226562 0.450926 0.200521 0.404630 0.313542 0.236111 0.348958 0.196296 0.393750 0.162963 0.420312 0.172222 0.431771 0.193519 0.409896 0.214815 0.378646 0.231481 0.392708 0.238889 0.385417 0.266667
25 0.430729 0.186111 0.423438 0.205556 0.408854 0.208333 0.391667 0.241667 0.390625 0.269444 0.402083 0.277778 0.410417 0.265741 0.429688 0.235185 0.434896 0.211111 0.442188 0.191667
22 0.428646 0.262037 0.411458 0.284259 0.394271 0.290741 0.398958 0.319444 0.411458 0.340741 0.441667 0.309259 0.445312 0.287963 0.433854 0.256481
25 0.503646 0.223148 0.495312 0.257407 0.498958 0.293519 0.522396 0.343519 0.548438 0.380556 0.573958 0.400926 0.587500 0.394444 0.594792 0.379630 0.584375 0.358333 0.581250 0.333333 0.557813 0.277778 0.517708 0.216667
39 0.349479 0.572222 0.281250 0.645370 0.268750 0.682407 0.275000 0.727778 0.293229 0.776852 0.321354 0.781481 0.338542 0.748148 0.388021 0.678704 0.393750 0.642593 0.383333 0.588889 0.352083 0.569444 0.347917 0.578704
25 0.509896 0.729630 0.489063 0.749074 0.480208 0.795370 0.489063 0.843519 0.515625 0.895370 0.540625 0.933333 0.560937 0.928704 0.590104 0.875926 0.588542 0.838889 0.551562 0.777778 0.519792 0.735185 0.502083 0.727778 0.505208 0.731481
25 0.566146 0.233333 0.584375 0.227778 0.600521 0.250926 0.609375 0.289815 0.600000 0.323148 0.603646 0.352778 0.591667 0.359259 0.582292 0.329630 0.573958 0.300000 0.569271 0.265741
27 0.141146 0.240741 0.131250 0.270370 0.128125 0.300926 0.152083 0.315741 0.175521 0.309259 0.204167 0.287963 0.261979 0.263889 0.267188 0.249074 0.261458 0.217593 0.251042 0.195370 0.239583 0.192593
25 0.451042 0.134259 0.440104 0.171296 0.442188 0.176852 0.437500 0.207407 0.441146 0.217593 0.450000 0.221296 0.456771 0.211111 0.464062 0.189815 0.469792 0.183333 0.476042 0.141667 0.471354 0.132407 0.461458 0.125000 0.453125 0.126852
25 0.473958 0.129630 0.479167 0.127778 0.512500 0.147222 0.509375 0.158333 0.504687 0.173148 0.498437 0.172222 0.492188 0.162963 0.484375 0.152778 0.477083 0.150000 0.473958 0.147222 0.473438 0.135185 0.469792 0.131481
0 0.566146 0.139815 0.574479 0.138889 0.589583 0.143519 0.589063 0.164815 0.586979 0.197222 0.583333 0.212963 0.561979 0.207407 0.556250 0.194444 0.559896 0.183333 0.563021 0.166667 0.564583 0.145370
27 0.620313 0.169444 0.613542 0.175000 0.608333 0.192593 0.609896 0.196296 0.643750 0.222222 0.658854 0.225000 0.669271 0.216667 0.664062 0.203704 0.654167 0.188889 0.638021 0.178704
39 0.661979 0.430556 0.634375 0.437963 0.614583 0.435185 0.609375 0.404630 0.612500 0.363889 0.634896 0.350926 0.668750 0.342593 0.683333 0.341667 0.701562 0.372222 0.706771 0.398148 0.702083 0.419444 0.681250 0.425000
0 0.704688 0.254630 0.681771 0.248148 0.668750 0.260185 0.660417 0.290741 0.669271 0.320370 0.701042 0.330556 0.726562 0.332407 0.731250 0.300000 0.730208 0.270370