1 0.604688 0.630556 0.610417 0.690741 0.617188 0.750000 0.631250 0.768519 0.646875 0.773148 0.663542 0.772222 0.684896 0.747222 0.693750 0.711111 0.697396 0.675000 0.681771 0.612963 0.671875 0.583333 0.658854 0.567593 0.646875 0.565741 0.629167 0.570370 0.614583 0.591667 0.609375 0.614815
25 0.798438 0.595370 0.789062 0.603704 0.776563 0.622222 0.767188 0.639815 0.756250 0.665741 0.741667 0.697222 0.728646 0.737963 0.717708 0.731481 0.708854 0.722222 0.706771 0.700926 0.706250 0.670370 0.709896 0.649074 0.728646 0.584259 0.742188 0.548148 0.753646 0.535185 0.761979 0.531481 0.768229 0.525000 0.771875 0.511111 0.775000 0.498148 0.778646 0.495370 0.784896 0.495370 0.790104 0.501852 0.792188 0.509259 0.791667 0.530556 0.790104 0.548148 0.794271 0.557407 0.798438 0.573148 0.798438 0.584259
29 0.033333 0.422222 0.025521 0.450000 0.011458 0.477778 0.013021 0.499074 0.033333 0.505556 0.054688 0.505556 0.073438 0.500000 0.086458 0.497222 0.091667 0.522222 0.096875 0.554630 0.115625 0.587963 0.126562 0.603704 0.141146 0.650926 0.151562 0.701852 0.158333 0.728704 0.159375 0.752778 0.140625 0.788889 0.125000 0.834259 0.112500 0.906481 0.104167 0.951852 0.091146 0.942593 0.070833 0.930556 0.052604 0.925926 0.036979 0.919444 0.019792 0.914815 0.000000 0.903704 0.000000 0.821296 0.023438 0.837037 0.034896 0.824074 0.043229 0.791667 0.050000 0.739815 0.068750 0.708333 0.074479 0.644444 0.079167 0.583333 0.063021 0.571296 0.046354 0.561111 0.032292 0.550926 0.014583 0.546296 0.000000 0.535185 0.000521 0.997222 0.123438 0.997222 0.140104 0.975000 0.151042 0.964815 0.155729 0.929630 0.166146 0.879630 0.177604 0.794444 0.179688 0.711111 0.172396 0.662963 0.154688 0.612037 0.142187 0.581481 0.130208 0.528704 0.102083 0.469444 0.085938 0.437037 0.062500 0.441667 0.047396 0.427778
26 0.570833 0.725926 0.576042 0.742593 0.587500 0.766667 0.597396 0.784259 0.600000 0.797222 0.597396 0.812963 0.580208 0.856481 0.554688 0.914815 0.539583 0.948148 0.519792 0.976852 0.521875 0.988889 0.531250 0.981481 0.555729 0.950000 0.576562 0.906481 0.599479 0.853704 0.613021 0.825000 0.619792 0.815741 0.620313 0.800000 0.607292 0.775000 0.589583 0.744444 0.581771 0.729630 0.576042 0.723148
25 0.708854 0.278704 0.703646 0.286111 0.699479 0.300000 0.694271 0.330556 0.702083 0.339815 0.721354 0.360185 0.726042 0.366667 0.719271 0.367593 0.711979 0.369444 0.708854 0.375926 0.708333 0.381481 0.721354 0.390741 0.740625 0.409259 0.742188 0.400000 0.742708 0.387963 0.742708 0.382407 0.750000 0.388889 0.754687 0.395370 0.763542 0.400000 0.766667 0.400000 0.767188 0.395370 0.745313 0.363889 0.726042 0.344444 0.715625 0.334259 0.709375 0.337963 0.702083 0.330556 0.708333 0.314815 0.714063 0.300000 0.713021 0.289815 0.711979 0.281481
25 0.764583 0.334259 0.761979 0.345370 0.760417 0.357407 0.760938 0.362037 0.784375 0.390741 0.794792 0.379630 0.805208 0.362963 0.808854 0.350926 0.798958 0.344444 0.789583 0.329630 0.783333 0.333333 0.770833 0.333333
25 0.649479 0.368519 0.651563 0.374074 0.656771 0.375000 0.665104 0.373148 0.673438 0.373148 0.676042 0.372222 0.668229 0.366667 0.663542 0.361111 0.660937 0.359259 0.658333 0.362963 0.653646 0.366667
25 0.694792 0.409259 0.695312 0.401852 0.696875 0.395370 0.703646 0.403704 0.706250 0.408333 0.709375 0.414815 0.712500 0.422222 0.709896 0.424074 0.703646 0.416667
8 0.686458 0.997222 0.683333 0.947222 0.692187 0.859259 0.708333 0.790741 0.728125 0.737963 0.742708 0.698148 0.757292 0.663889 0.767188 0.640741 0.781250 0.613889 0.796354 0.598148 0.838021 0.573148 0.875000 0.562037 0.908333 0.554630 0.935937 0.550926 0.953646 0.573148 0.984896 0.598148 0.999479 0.602778 0.998437 0.997222
30 0.572396 0.450000 0.571875 0.439815 0.572917 0.420370 0.577083 0.402778 0.579688 0.395370 0.587500 0.390741 0.595833 0.393519 0.601042 0.400000 0.609896 0.414815 0.618750 0.442593 0.620833 0.465741 0.619792 0.470370 0.616146 0.465741 0.610938 0.444444 0.603125 0.428704 0.597396 0.420370 0.591146 0.414815 0.584896 0.420370 0.579688 0.428704 0.577083 0.436111
27 0.256250 0.745370 0.248438 0.759259 0.246875 0.777778 0.254688 0.783333 0.264583 0.783333 0.273438 0.774074 0.281771 0.762037 0.291667 0.753704 0.298958 0.741667 0.303646 0.740741 0.307292 0.752778 0.310937 0.769444 0.315104 0.773148 0.318750 0.762037 0.322396 0.741667 0.321875 0.725926 0.318750 0.720370 0.311458 0.719444 0.300521 0.719444 0.294792 0.722222 0.288542 0.731481 0.283333 0.741667 0.279687 0.748148 0.272396 0.750000 0.267188 0.750000 0.263021 0.748148 0.259896 0.745370
25 0.554167 0.228704 0.591146 0.253704 0.596354 0.238889 0.594792 0.215741 0.585417 0.205556 0.571875 0.203704 0.560937 0.200000 0.555729 0.212037
23 0.032813 0.137037 0.050000 0.137037 0.070833 0.134259 0.073958 0.155556 0.089583 0.162037 0.102083 0.159259 0.099479 0.127778 0.092188 0.106481 0.078646 0.095370 0.062500 0.097222 0.043229 0.100000 0.025000 0.101852 0.017708 0.113889 0.016667 0.129630