27 0.433854 0.800926 0.424479 0.806481 0.420312 0.814815 0.419792 0.827778 0.420833 0.836111 0.428646 0.842593 0.439063 0.841667 0.451562 0.836111 0.463021 0.821296 0.476042 0.806481 0.479687 0.803704 0.483854 0.806481 0.484896 0.817593 0.488021 0.830556 0.490625 0.837037 0.494792 0.834259 0.501563 0.811111 0.502083 0.790741 0.498437 0.783333 0.484896 0.780556 0.472396 0.781481 0.461458 0.798148 0.455729 0.806481 0.450521 0.806481 0.442708 0.805556
23 0.048958 0.129630 0.052083 0.111111 0.065104 0.086111 0.078646 0.062963 0.090104 0.050926 0.097396 0.047222 0.105729 0.049074 0.107813 0.057407 0.107292 0.068519 0.103646 0.083333 0.093750 0.094444 0.089583 0.099074 0.083854 0.110185 0.078125 0.125926 0.073438 0.151852 0.068229 0.162037 0.059896 0.159259 0.054688 0.155556 0.051562 0.146296
23 0.206250 0.073148 0.210938 0.062037 0.219792 0.057407 0.231250 0.053704 0.244792 0.055556 0.251042 0.055556 0.266146 0.063889 0.273438 0.070370 0.279687 0.085185 0.279687 0.095370 0.278125 0.108333 0.275000 0.117593 0.272396 0.122222 0.266146 0.124074 0.257292 0.100926 0.253646 0.094444 0.243229 0.087037 0.229687 0.087963 0.218750 0.089815 0.208854 0.087037 0.206250 0.083333
29 0.182812 0.477778 0.175000 0.470370 0.176563 0.452778 0.184375 0.437037 0.190625 0.425926 0.202604 0.400000 0.210417 0.389815 0.219792 0.405556 0.231250 0.413889 0.246875 0.424074 0.265625 0.434259 0.272396 0.448148 0.280208 0.474074 0.287500 0.492593 0.302083 0.535185 0.307292 0.582407 0.312500 0.600000 0.320312 0.605556 0.328125 0.615741 0.333854 0.642593 0.338021 0.684259 0.347396 0.725926 0.349479 0.768519 0.343750 0.835185 0.334896 0.881481 0.326042 0.949074 0.318750 0.966667 0.305729 0.997222 0.054688 0.997222 0.014583 0.999074 0.044271 0.960185 0.064062 0.950000 0.043750 0.934259 0.000000 0.917593 0.000000 0.500000 0.040104 0.506481 0.078646 0.497222 0.082292 0.505556 0.077083 0.534259 0.100000 0.539815 0.140625 0.536111 0.175000 0.529630 0.201042 0.544444 0.205208 0.562037 0.219792 0.566667 0.229687 0.572222 0.243750 0.579630 0.245833 0.592593 0.242708 0.606481 0.240625 0.637037 0.233333 0.651852 0.233333 0.679630 0.226562 0.712963 0.211458 0.737037 0.192188 0.734259 0.183333 0.737037 0.168750 0.728704 0.163021 0.727778 0.172396 0.738889 0.185938 0.755556 0.192708 0.765741 0.195833 0.784259 0.193750 0.807407 0.189583 0.830556 0.175000 0.841667 0.165104 0.835185 0.152604 0.822222 0.146354 0.812963 0.135937 0.803704 0.127604 0.796296 0.132292 0.824074 0.136979 0.863889 0.132292 0.896296 0.130729 0.922222 0.141146 0.922222 0.158333 0.935185 0.195833 0.960185 0.219792 0.969444 0.242188 0.992593 0.252604 0.985185 0.269792 0.931481 0.275521 0.906481 0.283333 0.876852 0.297396 0.839815 0.306250 0.828704 0.318750 0.801852 0.330729 0.777778 0.324479 0.732407 0.310937 0.670370 0.302083 0.625000 0.297396 0.606481 0.287500 0.596296 0.277083 0.570370 0.267188 0.532407 0.261979 0.498148 0.260417 0.483333 0.252604 0.487037 0.245312 0.491667 0.234896 0.492593 0.224479 0.488889 0.220312 0.486111 0.211979 0.483333 0.202083 0.483333 0.193229 0.483333
30 0.202604 0.793519 0.201563 0.798148 0.201563 0.804630 0.202083 0.811111 0.203125 0.814815 0.205729 0.817593 0.211458 0.819444 0.219792 0.812963 0.227083 0.803704 0.232292 0.790741 0.236458 0.779630 0.238542 0.773148 0.236979 0.768519 0.231771 0.769444 0.229687 0.770370 0.222917 0.772222 0.218750 0.775000 0.213542 0.780556 0.209896 0.784259 0.206250 0.788889
27 0.000000 0.914815 0.044271 0.934259 0.064583 0.950000 0.044271 0.959259 0.016667 0.998148 0.000000 0.998148
1 0.818229 0.689815 0.827604 0.684259 0.840104 0.681481 0.853125 0.685185 0.864583 0.694444 0.869792 0.711111 0.876042 0.737037 0.884896 0.777778 0.890104 0.811111 0.888021 0.831481 0.881250 0.857407 0.873437 0.879630 0.860938 0.900000 0.846875 0.903704 0.830208 0.900926 0.819792 0.891667 0.805729 0.868519 0.797396 0.766667 0.795833 0.738889 0.801562 0.723148 0.809375 0.705556
25 0.963542 0.814815 0.952604 0.839815 0.936458 0.873148 0.929688 0.890741 0.913542 0.879630 0.901042 0.863889 0.896875 0.848148 0.896354 0.829630 0.897917 0.803704 0.905729 0.778704 0.925000 0.705556 0.935417 0.678704 0.944271 0.668519 0.954688 0.662037 0.959896 0.655556 0.964583 0.641667 0.967708 0.628704 0.971875 0.628704 0.977604 0.629630 0.981771 0.633333 0.983333 0.641667 0.981771 0.661111 0.982292 0.679630 0.985938 0.686111 0.989583 0.700000 0.992188 0.716667 0.992708 0.732407 0.987500 0.762963 0.983854 0.790741 0.977083 0.799074 0.967187 0.808333
30 0.773438 0.544444 0.770312 0.536111 0.769271 0.529630 0.770312 0.517593 0.772917 0.503704 0.777604 0.495370 0.782292 0.487963 0.788542 0.485185 0.793750 0.486111 0.800000 0.491667 0.805208 0.500000 0.808333 0.512037 0.812500 0.528704 0.817187 0.544444 0.818750 0.559259 0.818229 0.574074 0.814063 0.575926 0.807292 0.570370 0.802083 0.562963 0.799479 0.555556 0.797917 0.550926 0.795833 0.547222 0.788542 0.544444
25 0.752604 0.288889 0.756771 0.280556 0.760938 0.273148 0.768229 0.274074 0.778646 0.278704 0.788021 0.281481 0.791667 0.288889 0.794792 0.300000 0.792188 0.308333 0.788021 0.322222 0.786458 0.323148 0.779687 0.312963 0.772396 0.311111 0.765625 0.307407 0.757292 0.300000 0.751563 0.289815
25 0.893750 0.429630 0.894792 0.427778 0.899479 0.433333 0.903646 0.439815 0.905729 0.443519 0.909375 0.444444 0.914583 0.439815 0.929688 0.462037 0.944271 0.484259 0.951562 0.497222 0.952083 0.503704 0.949479 0.501852 0.943750 0.498148 0.938021 0.490741 0.938021 0.495370 0.938542 0.501852 0.939063 0.510185 0.938542 0.522222 0.934896 0.521296 0.931250 0.514815 0.925000 0.507407 0.919271 0.501852 0.914062 0.497222 0.909896 0.491667 0.908333 0.487963 0.910937 0.481481 0.917188 0.474074 0.918750 0.474074 0.925000 0.477778 0.928125 0.478704 0.930208 0.479630 0.926042 0.475926 0.923438 0.471296 0.919792 0.467593 0.919792 0.467593 0.916146 0.464815 0.910937 0.456481 0.900000 0.442593 0.896875 0.437037 0.894792 0.433333
25 0.892188 0.513889 0.894792 0.504630 0.897396 0.509259 0.902083 0.517593 0.906250 0.525926 0.906771 0.527778 0.906250 0.532407 0.902604 0.527778 0.900000 0.524074 0.895312 0.518519
25 0.955729 0.450926 0.955208 0.464815 0.954688 0.472222 0.962500 0.487963 0.971354 0.503704 0.979688 0.513889 0.991667 0.507407 0.998958 0.505556 0.998437 0.463889 0.993750 0.457407 0.984896 0.451852 0.977604 0.449074 0.967708 0.448148 0.959896 0.448148
8 0.888542 0.999074 0.905729 0.941667 0.931771 0.883333 0.953125 0.842593 0.970313 0.808333 0.976042 0.999074