39 0.454688 0.419444 0.411979 0.472222 0.407292 0.550000 0.440625 0.576852 0.473958 0.565741 0.490104 0.506481 0.495312 0.457407 0.467708 0.416667
25 0.595833 0.489815 0.584896 0.531481 0.594792 0.582407 0.634375 0.617593 0.667708 0.614815 0.679688 0.563889 0.669271 0.534259
27 0.379688 0.210185 0.363542 0.284259 0.327604 0.339815 0.307812 0.298148 0.314583 0.249074 0.333333 0.194444 0.353125 0.158333 0.373958 0.129630 0.389062 0.116667 0.414583 0.124074 0.425521 0.142593 0.405208 0.166667 0.410417 0.177778 0.414062 0.202778 0.385417 0.203704 0.377083 0.212963
25 0.491667 0.154630 0.509375 0.142593 0.541146 0.157407 0.570833 0.198148 0.591667 0.229630 0.597396 0.247222 0.585938 0.270370 0.573958 0.258333 0.546354 0.244444 0.514062 0.217593 0.500521 0.200000 0.503125 0.177778
27 0.190104 0.207407 0.179167 0.234259 0.182292 0.257407 0.184896 0.273148 0.199479 0.274074 0.218750 0.274074 0.235937 0.263889 0.251042 0.243519 0.268229 0.235185 0.282813 0.225926 0.293229 0.210185 0.281771 0.166667 0.266667 0.153704 0.250000 0.174074 0.227083 0.182407 0.207292 0.196296
22 0.435937 0.191667 0.428125 0.221296 0.428646 0.244444 0.442708 0.248148 0.460938 0.241667 0.466667 0.224074 0.461458 0.196296 0.452083 0.193519
25 0.430729 0.086111 0.436458 0.077778 0.442188 0.075926 0.448958 0.079630 0.453125 0.089815 0.453646 0.115741 0.452604 0.135185 0.448437 0.147222 0.439583 0.144444 0.434896 0.135185 0.432292 0.117593 0.430208 0.106481
0 0.525000 0.065741 0.533333 0.123148 0.557292 0.123148 0.552604 0.059259 0.538542 0.056481
25 0.451562 0.077778 0.455729 0.075926 0.484896 0.082407 0.482812 0.105556 0.469271 0.099074 0.463542 0.093519 0.457292 0.096296 0.452604 0.088889 0.448437 0.080556
25 0.554688 0.153704 0.553646 0.163889 0.557292 0.186111 0.575521 0.202778 0.590104 0.233333 0.598958 0.229630 0.597396 0.221296 0.592708 0.201852 0.593750 0.188889 0.580729 0.148148 0.575000 0.142593 0.562500 0.143519 0.556771 0.150926
27 0.576562 0.093519 0.572396 0.112963 0.593750 0.128704 0.610938 0.127778 0.617188 0.113889 0.608333 0.103704 0.591146 0.096296
39 0.658854 0.275000 0.638021 0.281481 0.623437 0.280556 0.615104 0.263889 0.615625 0.226852 0.631771 0.214815 0.666146 0.201852 0.681250 0.208333 0.691146 0.232407 0.684896 0.258333
0 0.660937 0.136111 0.647396 0.137963 0.634896 0.153704 0.634375 0.184259 0.647396 0.200000 0.676562 0.203704 0.688021 0.200000 0.690625 0.168519 0.683854 0.147222 0.677604 0.142593
25 0.433333 0.131481 0.425521 0.134259 0.423438 0.144444 0.415625 0.151852 0.410938 0.162037 0.410938 0.184259 0.414062 0.204630 0.417187 0.205556 0.420833 0.187963 0.430729 0.189815 0.438021 0.187037 0.441146 0.175926 0.439063 0.161111 0.435937 0.151852 0.435937 0.137963