23 0.109375 0.724074 0.107292 0.729630 0.106250 0.736111 0.105208 0.745370 0.105208 0.754630 0.108333 0.763889 0.119792 0.768519 0.138021 0.762963 0.150521 0.746296 0.161458 0.724074 0.166146 0.713889 0.168229 0.693519 0.169792 0.676852 0.173437 0.645370 0.179688 0.622222 0.184896 0.612963 0.184896 0.599074 0.181771 0.580556 0.176563 0.570370 0.172917 0.568519 0.164062 0.568519 0.158333 0.575000 0.155208 0.589815 0.151042 0.608333 0.145313 0.629630 0.140104 0.648148 0.135417 0.662037 0.132292 0.671296 0.128646 0.703704 0.120833 0.712963 0.116146 0.715741
47 0.160938 0.725926 0.157812 0.732407 0.156250 0.740741 0.166146 0.742593 0.178125 0.744444 0.188542 0.748148 0.201042 0.759259 0.213542 0.775000 0.225000 0.787963 0.235937 0.802778 0.253646 0.821296 0.265625 0.835185 0.275521 0.850926 0.280729 0.860185 0.282813 0.861111 0.283854 0.855556 0.285417 0.850000 0.285938 0.844444 0.283854 0.840741 0.277083 0.833333 0.258854 0.807407 0.242188 0.788889 0.232292 0.775926 0.220312 0.759259 0.210938 0.748148 0.204167 0.739815 0.195833 0.733333 0.189062 0.729630 0.183333 0.727778 0.176563 0.726852 0.166667 0.725000
23 0.295833 0.457407 0.302083 0.453704 0.306250 0.448148 0.309896 0.427778 0.314583 0.406481 0.319792 0.394444 0.325000 0.385185 0.330208 0.373148 0.340625 0.360185 0.352083 0.349074 0.363542 0.341667 0.372396 0.335185 0.375000 0.329630 0.375000 0.322222 0.373437 0.315741 0.368750 0.311111 0.358854 0.304630 0.352083 0.306481 0.344271 0.309259 0.334896 0.313889 0.329167 0.321296 0.324479 0.327778 0.319271 0.335185 0.312500 0.340741 0.307812 0.344444 0.303125 0.350000 0.298438 0.357407 0.293750 0.366667 0.288542 0.379630 0.283854 0.397222 0.282292 0.414815 0.282292 0.433333 0.284896 0.448148 0.288542 0.453704
25 0.681250 0.948148 0.681250 0.955556 0.683854 0.957407 0.686458 0.950926 0.694792 0.926852 0.710417 0.882407 0.717187 0.857407 0.723437 0.847222 0.728125 0.842593 0.732812 0.843519 0.741667 0.844444 0.750000 0.845370 0.758333 0.836111 0.760938 0.824074 0.762500 0.815741 0.758333 0.817593 0.748958 0.812963 0.734896 0.810185 0.726562 0.812963 0.722917 0.819444 0.718229 0.831481 0.713542 0.844444 0.702083 0.884259 0.692187 0.908333 0.683854 0.936111
25 0.666667 0.886111 0.666146 0.896296 0.664583 0.901852 0.666667 0.906481 0.679688 0.877778 0.688542 0.857407 0.700521 0.830556 0.707292 0.801852 0.707292 0.790741 0.701562 0.792593 0.696354 0.792593 0.691667 0.792593 0.686979 0.814815 0.681250 0.839815 0.675521 0.859259 0.669792 0.875926
47 0.000000 0.500926 0.000000 0.540741 0.007292 0.522222 0.018750 0.490741 0.028646 0.462037 0.042708 0.426852 0.055729 0.400000 0.067708 0.377778 0.081250 0.350926 0.094792 0.329630 0.108854 0.309259 0.117188 0.299074 0.132292 0.280556 0.144792 0.271296 0.159896 0.259259 0.171354 0.253704 0.181250 0.250000 0.192708 0.249074 0.202083 0.248148 0.206250 0.245370 0.207292 0.242593 0.205729 0.237037 0.203646 0.233333 0.198958 0.229630 0.191667 0.227778 0.180208 0.227778 0.168750 0.229630 0.151042 0.230556 0.136979 0.225926 0.131771 0.228704 0.130729 0.230556 0.131250 0.237963 0.132812 0.243519 0.141146 0.244444 0.149479 0.244444 0.158333 0.245370 0.163542 0.245370 0.161979 0.246296 0.153646 0.250926 0.144792 0.260185 0.135937 0.268519 0.118229 0.284259 0.095833 0.314815 0.073438 0.348148 0.057292 0.375000 0.043229 0.403704 0.027604 0.436111 0.020833 0.451852 0.010937 0.475000 0.004687 0.490741
25 0.403646 0.292593 0.406250 0.289815 0.406250 0.287037 0.405729 0.281481 0.406771 0.274074 0.410938 0.271296 0.414062 0.267593 0.417187 0.260185 0.419792 0.253704 0.421875 0.254630 0.423438 0.259259 0.424479 0.262037 0.425000 0.264815 0.422396 0.270370 0.417187 0.283333 0.414062 0.291667 0.410417 0.297222 0.407813 0.297222
25 0.363021 0.254630 0.360938 0.255556 0.360938 0.259259 0.361979 0.262037 0.364063 0.262963 0.366146 0.265741 0.367188 0.268519 0.369271 0.273148 0.373437 0.275000 0.375000 0.275000 0.376042 0.273148 0.375000 0.270370 0.373958 0.266667 0.371354 0.265741 0.369792 0.261111 0.368750 0.258333 0.367188 0.256481
26 0.251042 0.141667 0.256771 0.134259 0.261458 0.130556 0.263542 0.124074 0.267188 0.122222 0.269271 0.120370 0.269792 0.112963 0.273438 0.108333 0.277083 0.108333 0.278646 0.110185 0.289583 0.102778 0.298958 0.097222 0.304688 0.086111 0.316146 0.064815 0.325521 0.052778 0.337500 0.046296 0.348438 0.044444 0.359896 0.041667 0.369792 0.038889 0.378125 0.037037 0.388021 0.041667 0.395833 0.048148 0.404687 0.050926 0.414062 0.052778 0.425000 0.058333 0.429688 0.062963 0.435417 0.070370 0.437500 0.075000 0.438542 0.081481 0.438021 0.088889 0.434896 0.090741 0.429688 0.091667 0.422917 0.095370 0.413542 0.099074 0.401042 0.108333 0.386979 0.116667 0.371354 0.128704 0.359896 0.134259 0.348438 0.137037 0.341146 0.136111 0.329167 0.136111 0.321354 0.136111 0.319271 0.139815 0.317188 0.141667 0.312500 0.142593 0.307292 0.144444 0.302604 0.145370 0.293750 0.150000 0.277083 0.158333 0.272396 0.159259 0.268229 0.162963 0.263021 0.166667 0.255729 0.168519 0.250000 0.168519 0.245833 0.165741 0.243750 0.160185 0.243750 0.155556 0.245312 0.151852 0.247917 0.146296
25 0.784896 0.367593 0.781250 0.375000 0.779687 0.380556 0.778125 0.394444 0.776042 0.411111 0.777083 0.413889 0.782292 0.414815 0.789062 0.416667 0.794271 0.419444 0.801562 0.423148 0.805208 0.422222 0.808333 0.405556 0.803646 0.403704 0.799479 0.401852 0.794792 0.399074 0.790625 0.396296 0.790625 0.389815 0.794271 0.385185 0.798958 0.384259 0.805208 0.387037 0.808854 0.390741 0.809896 0.384259 0.808333 0.379630 0.801042 0.375000 0.795312 0.370370 0.785937 0.366667
30 0.802604 0.179630 0.806250 0.182407 0.809896 0.184259 0.813542 0.187037 0.816667 0.190741 0.819271 0.194444 0.820833 0.200000 0.822917 0.207407 0.823438 0.212963 0.822396 0.214815 0.817187 0.215741 0.813021 0.215741 0.809896 0.212963 0.805208 0.210185 0.801042 0.208333 0.795833 0.207407 0.789583 0.203704 0.785937 0.200000 0.784896 0.197222 0.783854 0.190741 0.784896 0.186111 0.788542 0.183333 0.792708 0.181481 0.797917 0.179630