25 0.255208 0.252778 0.265104 0.384259 0.276042 0.495370 0.286979 0.492593 0.299479 0.521296 0.323437 0.511111 0.325000 0.485185 0.332292 0.453704 0.308333 0.238889 0.279167 0.234259
25 0.327604 0.512963 0.335938 0.626852 0.378125 0.603704 0.460417 0.599074 0.483854 0.576852 0.460938 0.465741 0.340625 0.489815
27 0.533854 0.516667 0.566667 0.597222 0.575000 0.703704 0.857292 1.000000 0.906771 1.000000 0.873437 0.744444 0.611979 0.500000
22 0.120313 0.277778 0.091146 0.341667 0.095833 0.370370 0.114583 0.391667 0.158854 0.373148 0.172917 0.333333 0.156250 0.291667 0.131250 0.280556
39 0.169271 0.250000 0.159896 0.274074 0.158854 0.301852 0.176563 0.344444 0.189583 0.354630 0.218750 0.354630 0.241667 0.329630 0.255208 0.308333 0.251563 0.259259 0.233854 0.244444 0.205729 0.238889 0.166667 0.247222
25 0.360938 0.268519 0.343750 0.382407 0.352083 0.392593 0.347917 0.461111 0.366146 0.461111 0.379167 0.408333 0.393750 0.383333 0.402083 0.278704 0.381771 0.257407
25 0.244271 0.124074 0.215625 0.192593 0.226042 0.208333 0.241146 0.199074 0.256250 0.175000 0.271354 0.177778 0.292708 0.149074 0.308854 0.125926 0.305729 0.096296 0.286458 0.084259 0.266146 0.096296
25 0.189062 0.194444 0.176563 0.187037 0.116667 0.237963 0.118229 0.262963 0.144271 0.275926 0.157292 0.283333 0.170313 0.245370 0.192188 0.234259 0.206250 0.230556 0.213542 0.210185 0.225000 0.202778 0.227083 0.170370 0.215104 0.165741
0 0.486458 0.325000 0.469792 0.377778 0.481771 0.439815 0.498437 0.464815 0.553125 0.457407 0.572917 0.404630 0.561458 0.340741 0.515104 0.325926
27 0.065104 0.187037 0.039062 0.168519 0.000000 0.202778 0.000521 0.300926 0.039583 0.289815 0.058854 0.266667 0.094271 0.288889 0.118229 0.262963 0.115104 0.225000 0.129688 0.217593 0.151562 0.206481 0.175000 0.187963 0.197917 0.192593 0.220312 0.174074 0.204167 0.140741 0.182812 0.119444 0.114062 0.150926
27 0.242188 0.690741 0.227604 0.690741 0.229167 0.702778 0.285938 0.745370 0.301042 0.750000 0.328646 0.754630 0.341667 0.720370 0.352083 0.673148 0.346875 0.637963 0.339062 0.632407 0.328125 0.643519 0.312500 0.649074 0.296875 0.670370 0.274479 0.662963 0.263021 0.682407