48 0.455729 0.458333 0.461979 0.480556 0.476562 0.459259 0.468750 0.444444
48 0.494271 0.546296 0.501563 0.535185 0.518229 0.575926 0.508333 0.581481
48 0.300521 0.590741 0.305729 0.602778 0.320833 0.580556 0.314063 0.567593
48 0.497396 0.391667 0.491667 0.408333 0.513542 0.437037 0.520833 0.418519
48 0.587500 0.352778 0.581250 0.368519 0.606771 0.399074 0.612500 0.383333
48 0.388021 0.355556 0.390625 0.372222 0.402083 0.366667 0.399479 0.356481
48 0.331250 0.434259 0.330729 0.447222 0.341146 0.443519 0.340625 0.431481
48 0.294271 0.428704 0.295312 0.445370 0.308333 0.438889 0.306250 0.424074
48 0.688021 0.612963 0.692708 0.630556 0.707292 0.623148 0.703125 0.608333
48 0.633854 0.486111 0.640625 0.514815 0.648958 0.512037 0.642188 0.478704
48 0.669271 0.445370 0.667188 0.454630 0.676042 0.468519 0.679688 0.457407
48 0.607812 0.275000 0.604688 0.290741 0.617708 0.304630 0.621875 0.289815
48 0.856771 0.400926 0.852604 0.411111 0.867188 0.425000 0.870833 0.411111