48 0.607292 0.491667 0.611458 0.506481 0.634896 0.481481 0.629687 0.470370
48 0.633333 0.494444 0.638021 0.510185 0.659375 0.487963 0.651042 0.475000
48 0.649479 0.322222 0.656250 0.344444 0.673958 0.309259 0.668229 0.298148
48 0.839063 0.547222 0.844271 0.566667 0.870833 0.540741 0.861458 0.527778
48 0.823438 0.495370 0.826042 0.515741 0.847917 0.495370 0.843229 0.475926
48 0.820312 0.431481 0.827083 0.445370 0.848958 0.426852 0.840625 0.409259
48 0.695312 0.378704 0.701562 0.411111 0.714583 0.398148 0.704688 0.370370
48 0.703125 0.409259 0.707812 0.428704 0.720313 0.421296 0.713542 0.401852
48 0.705208 0.478704 0.704688 0.495370 0.714583 0.501852 0.717187 0.481481
48 0.700000 0.501852 0.704688 0.526852 0.711979 0.522222 0.708854 0.501852
48 0.560417 0.470370 0.563542 0.486111 0.580208 0.468519 0.575521 0.451852
48 0.549479 0.386111 0.554688 0.400926 0.577604 0.366667 0.570833 0.355556
48 0.499479 0.322222 0.513542 0.350000 0.520833 0.341667 0.506250 0.306481
48 0.498958 0.172222 0.506250 0.189815 0.525000 0.165741 0.514062 0.150926
48 0.834896 0.382407 0.838542 0.399074 0.868229 0.366667 0.858333 0.351852
48 0.810417 0.318519 0.814583 0.336111 0.843229 0.309259 0.834375 0.295370
48 0.717187 0.310185 0.727083 0.322222 0.747396 0.300000 0.740625 0.282407
48 0.770833 0.434259 0.776563 0.454630 0.806250 0.429630 0.800521 0.413889