30 0.725000 0.995370 0.711458 0.929630 0.698958 0.936111 0.696354 0.944444 0.686979 0.914815 0.669271 0.916667 0.663021 0.941667 0.646875 0.994444
30 0.439063 0.737963 0.406771 0.663889 0.391146 0.647222 0.369792 0.580556 0.351562 0.554630 0.329688 0.561111 0.318750 0.598148 0.320833 0.662037 0.339583 0.700000 0.376042 0.742593 0.403125 0.782407 0.417708 0.787963 0.435937 0.757407
30 0.324479 0.646296 0.310937 0.619444 0.291146 0.599074 0.269271 0.592593 0.252604 0.609259 0.246875 0.641667 0.250000 0.686111 0.258854 0.724074 0.265625 0.733333 0.280208 0.734259 0.303646 0.737037 0.327083 0.734259 0.343229 0.722222 0.345833 0.702778 0.331250 0.672222
23 0.484896 0.532407 0.470833 0.531481 0.467708 0.553704 0.467187 0.578704 0.483854 0.598148 0.502083 0.592593 0.502083 0.557407 0.493750 0.538889
23 0.278646 0.664815 0.268750 0.658333 0.261979 0.667593 0.261979 0.689815 0.269271 0.704630 0.281771 0.693519 0.283854 0.684259
23 0.358333 0.389815 0.350521 0.372222 0.331250 0.367593 0.323437 0.390741 0.332292 0.415741 0.344792 0.415741 0.357292 0.400926
31 0.168229 0.991667 0.174479 0.958333 0.185417 0.913889 0.200521 0.872222 0.212500 0.838889 0.226562 0.796296 0.247396 0.746296 0.261458 0.708333 0.280208 0.634259 0.280208 0.589815 0.271354 0.546296 0.255208 0.516667 0.231771 0.476852 0.217188 0.439815 0.194271 0.422222 0.170313 0.422222 0.140104 0.437963 0.122396 0.457407 0.100000 0.486111 0.085417 0.503704 0.071354 0.509259 0.061458 0.499074 0.054688 0.484259 0.048958 0.457407 0.058333 0.424074 0.078646 0.385185 0.093229 0.350000 0.115625 0.320370 0.145313 0.316667 0.173437 0.321296 0.177083 0.306481 0.138542 0.303704 0.111458 0.308333 0.091667 0.325926 0.076563 0.355556 0.058333 0.395370 0.042188 0.441667 0.039062 0.483333 0.053646 0.513889 0.068750 0.528704 0.090625 0.522222 0.115104 0.496296 0.143750 0.453704 0.169792 0.435185 0.190104 0.434259 0.212500 0.463889 0.224479 0.499074 0.245312 0.536111 0.259896 0.563889 0.269271 0.597222 0.261979 0.656481 0.249479 0.700000 0.233333 0.738889 0.212500 0.784259 0.197917 0.829630 0.178125 0.881481 0.163021 0.923148 0.156250 0.964815 0.152604 0.998148
23 0.199479 0.709259 0.201042 0.695370 0.195833 0.686111 0.186979 0.686111 0.181250 0.699074 0.180208 0.712037 0.188542 0.712963
23 0.473958 0.398148 0.463542 0.404630 0.463021 0.425926 0.465625 0.438889 0.479687 0.437963 0.487500 0.429630 0.488021 0.416667 0.485417 0.409259
24 0.728646 0.805556 0.721875 0.795370 0.710938 0.795370 0.697917 0.794444 0.686979 0.779630 0.676562 0.774074 0.673438 0.790741 0.680729 0.808333 0.685937 0.817593 0.679688 0.839815 0.681250 0.862037 0.686979 0.866667 0.698958 0.852778 0.706771 0.844444 0.716667 0.836111 0.721354 0.809259
24 0.607812 0.875000 0.614583 0.844444 0.622396 0.829630 0.635938 0.814815 0.623437 0.800926 0.616667 0.787963 0.622396 0.760185 0.610938 0.752778 0.602604 0.769444 0.589583 0.769444 0.579167 0.755556 0.571875 0.790741 0.567708 0.822222 0.577083 0.830556 0.579688 0.852778 0.580208 0.881481 0.596354 0.879630