30 0.592187 0.913889 0.584896 0.871296 0.589063 0.812037 0.579688 0.776852 0.565625 0.716667 0.556771 0.681481 0.529687 0.667593 0.510417 0.689815 0.500521 0.731481 0.497396 0.788889 0.497396 0.843519 0.506771 0.884259 0.525521 0.941667 0.539062 0.973148 0.566667 0.993519 0.585417 0.985185 0.602604 0.950926
23 0.540104 0.775000 0.531771 0.788889 0.528125 0.812963 0.535417 0.831481 0.547396 0.835185 0.559896 0.812963 0.557813 0.787963 0.552604 0.774074
30 0.371875 0.596296 0.351042 0.550000 0.323958 0.503704 0.307292 0.459259 0.285417 0.441667 0.264062 0.462037 0.264062 0.506481 0.275521 0.553704 0.302604 0.597222 0.326042 0.626852 0.339583 0.637037 0.356250 0.634259 0.366667 0.607407
30 0.286979 0.566667 0.268750 0.522222 0.250000 0.495370 0.232292 0.475000 0.212500 0.468519 0.200000 0.487963 0.195833 0.511111 0.195833 0.541667 0.207292 0.578704 0.233333 0.602778 0.254167 0.609259 0.271875 0.609259 0.285417 0.600926 0.289583 0.579630
23 0.389062 0.402778 0.381771 0.421296 0.380729 0.443519 0.394271 0.457407 0.406771 0.448148 0.413542 0.426852 0.407813 0.409259 0.398958 0.399074
23 0.294792 0.288889 0.286458 0.292593 0.282292 0.303704 0.283854 0.325000 0.298958 0.333333 0.306771 0.320370 0.309375 0.302778
23 0.383333 0.298148 0.379688 0.323148 0.395313 0.334259 0.404167 0.334259 0.408333 0.312037 0.398958 0.297222
23 0.674479 0.700000 0.666667 0.724074 0.668229 0.741667 0.683854 0.747222 0.690625 0.734259 0.696875 0.709259 0.686979 0.701852
23 0.948958 0.636111 0.933854 0.632407 0.926042 0.653704 0.932292 0.677778 0.942708 0.687037 0.956771 0.675926 0.958333 0.651852 0.955729 0.645370
23 0.934375 0.586111 0.927083 0.570370 0.916667 0.563889 0.909375 0.589815 0.911458 0.612037 0.931250 0.618519 0.934375 0.600926
24 0.594271 0.601852 0.577083 0.593519 0.559896 0.586111 0.549479 0.592593 0.549479 0.615741 0.551562 0.645370 0.559896 0.674074 0.571875 0.656481 0.589583 0.641667
23 0.304688 0.923148 0.292708 0.940741 0.298438 0.962037 0.309896 0.964815 0.318750 0.947222 0.315104 0.923148
31 0.128646 0.994444 0.123438 0.953704 0.121354 0.901852 0.126042 0.858333 0.138542 0.804630 0.147396 0.762037 0.160938 0.722222 0.189583 0.660185 0.220312 0.588889 0.208333 0.578704 0.179688 0.640741 0.155729 0.696296 0.126042 0.769444 0.110937 0.831481 0.104167 0.901852 0.114062 0.999074
23 0.225521 0.527778 0.218229 0.527778 0.212500 0.543519 0.211979 0.559259 0.217708 0.565741 0.230729 0.563889 0.232813 0.548148