25 0.478125 0.739815 0.484896 0.763889 0.489583 0.779630 0.489063 0.806481 0.488542 0.820370 0.493750 0.854630 0.509375 0.900000 0.527083 0.944444 0.534896 0.957407 0.546354 0.957407 0.560937 0.950000 0.572917 0.936111 0.578125 0.902778 0.575000 0.884259 0.561458 0.853704 0.546354 0.816667 0.533333 0.788889 0.519792 0.777778 0.506250 0.766667 0.497917 0.748148 0.490625 0.729630 0.484896 0.730556
1 0.455729 0.890741 0.440104 0.919444 0.436458 0.941667 0.438021 0.966667 0.445312 0.979630 0.457292 0.999074 0.531771 0.999074 0.535937 0.979630 0.522917 0.941667 0.505729 0.922222 0.475000 0.891667
8 0.653646 0.727778 0.630729 0.759259 0.611979 0.800000 0.600000 0.845370 0.586979 0.890741 0.579688 0.933333 0.577083 0.969444 0.579688 0.999074 0.970833 0.999074 0.969792 0.951852 0.954688 0.896296 0.928125 0.833333 0.865625 0.760185 0.809896 0.713889 0.754687 0.695370 0.703125 0.696296
25 0.321875 0.788889 0.318750 0.792593 0.317188 0.805556 0.318750 0.812963 0.326042 0.817593 0.331250 0.833333 0.336458 0.850000 0.342708 0.853704 0.343750 0.828704 0.347396 0.814815 0.357292 0.820370 0.357812 0.838889 0.364583 0.846296 0.378125 0.850000 0.383333 0.841667 0.379688 0.824074 0.370833 0.813889 0.358333 0.802778 0.348958 0.794444 0.339583 0.790741 0.329167 0.788889
25 0.576562 0.646296 0.575000 0.657407 0.579688 0.674074 0.598437 0.675000 0.609375 0.679630 0.616146 0.675000 0.628125 0.679630 0.631250 0.662037 0.628646 0.639815 0.624479 0.630556 0.616146 0.638889 0.595833 0.641667 0.581250 0.643519
25 0.360938 0.590741 0.356250 0.589815 0.353646 0.611111 0.351562 0.635185 0.353646 0.649074 0.364583 0.655556 0.388542 0.660185 0.388542 0.686111 0.403125 0.690741 0.420833 0.685185 0.417187 0.662963 0.431250 0.656481 0.430729 0.639815 0.442188 0.622222 0.444792 0.607407 0.448437 0.592593 0.434375 0.585185 0.414583 0.592593 0.401042 0.591667 0.401042 0.612963 0.391667 0.631481 0.370833 0.635185 0.363542 0.621296
25 0.232292 0.630556 0.220312 0.646296 0.218750 0.663889 0.220833 0.675926 0.226042 0.678704 0.219792 0.698148 0.225000 0.701852 0.232292 0.685185 0.247396 0.684259 0.247917 0.661111 0.258333 0.661111 0.259896 0.637037 0.257812 0.612963 0.252604 0.609259 0.244792 0.612963 0.239583 0.627778
27 0.323958 0.317593 0.293750 0.332407 0.287500 0.346296 0.287500 0.370370 0.307292 0.381481 0.348438 0.382407 0.393750 0.379630 0.409375 0.346296 0.422396 0.333333 0.429688 0.322222 0.422917 0.303704 0.410417 0.300000
25 0.837500 0.350000 0.844792 0.362963 0.864583 0.382407 0.888542 0.409259 0.900521 0.405556 0.905729 0.381481 0.900000 0.369444 0.857812 0.322222 0.841667 0.321296 0.828646 0.308333 0.820833 0.319444 0.825000 0.333333 0.833333 0.340741
23 0.452083 0.201852 0.450000 0.211111 0.452083 0.223148 0.459375 0.228704 0.466667 0.226852 0.469792 0.217593 0.467187 0.204630 0.462500 0.199074 0.457292 0.197222
23 0.500000 0.363889 0.495833 0.369444 0.493750 0.380556 0.496875 0.384259 0.507292 0.384259 0.513021 0.394444 0.516146 0.385185 0.515104 0.368519 0.509896 0.362963