25 0.472917 0.773148 0.482292 0.808333 0.482292 0.837037 0.480729 0.869444 0.491146 0.912963 0.512500 0.972222 0.522396 0.991667 0.535937 0.999074 0.568229 0.999074 0.575521 0.963889 0.568229 0.922222 0.526042 0.813889 0.500000 0.787963 0.483333 0.748148 0.469271 0.750000 0.466146 0.762963
1 0.447917 0.937963 0.432812 0.963889 0.426563 0.981481 0.427083 0.999074 0.522917 0.999074 0.501042 0.975000 0.464583 0.940741
8 0.672396 0.754630 0.647396 0.780556 0.623958 0.815741 0.606250 0.856481 0.593229 0.900000 0.585938 0.940741 0.583333 0.972222 0.584375 0.999074 0.988542 0.999074 0.973437 0.950926 0.936979 0.886111 0.892188 0.831481 0.852604 0.797222 0.811979 0.763889 0.752083 0.740741 0.705729 0.742593
25 0.310417 0.823148 0.307292 0.830556 0.305729 0.840741 0.305729 0.850000 0.313542 0.853704 0.318750 0.866667 0.325000 0.887037 0.329167 0.895370 0.331771 0.886111 0.331250 0.864815 0.333854 0.857407 0.342708 0.856481 0.348438 0.874074 0.351562 0.887963 0.361458 0.886111 0.372917 0.879630 0.370833 0.865741 0.363021 0.856481 0.352083 0.845370 0.344792 0.837037 0.337500 0.830556 0.329688 0.830556 0.321354 0.831481 0.313542 0.825926
25 0.576042 0.664815 0.574479 0.675000 0.579688 0.692593 0.597396 0.693519 0.604167 0.694444 0.608333 0.697222 0.615625 0.692593 0.627083 0.697222 0.630208 0.679630 0.628125 0.657407 0.623958 0.648148 0.615625 0.656481 0.595833 0.659259 0.580729 0.661111
25 0.351562 0.621296 0.345833 0.623148 0.344792 0.652778 0.341667 0.675926 0.347396 0.684259 0.374479 0.690741 0.377604 0.717593 0.391667 0.723148 0.413542 0.714815 0.409896 0.695370 0.426563 0.687963 0.423438 0.671296 0.437500 0.651852 0.441146 0.625000 0.432292 0.612963 0.412500 0.622222 0.397396 0.622222 0.391146 0.633333 0.385937 0.659259 0.369792 0.662037 0.357812 0.658333 0.355729 0.645370
25 0.202083 0.681481 0.203646 0.697222 0.201042 0.712963 0.207813 0.722222 0.214583 0.710185 0.226042 0.706481 0.226042 0.688889 0.241146 0.677778 0.229167 0.657407 0.224479 0.647222 0.212500 0.652778 0.203646 0.673148
27 0.319792 0.330556 0.289062 0.346296 0.283333 0.360185 0.283333 0.384259 0.302604 0.395370 0.343750 0.396296 0.389583 0.392593 0.404687 0.359259 0.418229 0.347222 0.425521 0.335185 0.418750 0.317593 0.406250 0.312963
23 0.447396 0.212963 0.450000 0.222222 0.457292 0.226852 0.463542 0.225926 0.468229 0.217593 0.467708 0.204630 0.462500 0.197222 0.456250 0.195370 0.450000 0.200926 0.448437 0.205556
23 0.500000 0.370370 0.492708 0.377778 0.492188 0.386111 0.497396 0.388889 0.507292 0.390741 0.510938 0.402778 0.516146 0.398148 0.516667 0.380556 0.511979 0.370370 0.505208 0.369444
25 0.841667 0.361111 0.847917 0.373148 0.886458 0.414815 0.901563 0.421296 0.910937 0.411111 0.913021 0.388889 0.864062 0.337037 0.850000 0.332407 0.837500 0.321296 0.829688 0.330556 0.832292 0.341667 0.838542 0.349074
26 0.384896 0.045370 0.391667 0.120370 0.467187 0.125000 0.483333 0.097222 0.498437 0.098148 0.511458 0.132407 0.645312 0.118519 0.648958 0.000000 0.379167 0.000000