26 0.001042 0.208333 0.085938 0.195370 0.130729 0.180556 0.125000 0.050926 0.128646 0.001852 0.002083 0.000000 0.000000 0.176852
25 0.322396 0.608333 0.332813 0.625000 0.351562 0.656481 0.366146 0.686111 0.378646 0.704630 0.385937 0.712037 0.393229 0.714815 0.401042 0.711111 0.406771 0.703704 0.411458 0.695370 0.414583 0.684259 0.416667 0.671296 0.415104 0.659259 0.412500 0.650926 0.407292 0.639815 0.381250 0.597222 0.356250 0.559259 0.351042 0.553704 0.343229 0.550926 0.331771 0.548148 0.325000 0.540741 0.316146 0.527778 0.310937 0.519444 0.304167 0.517593 0.301042 0.523148 0.301042 0.528704 0.300000 0.535185 0.303125 0.545370 0.306771 0.557407 0.309896 0.565741 0.312500 0.570370 0.316146 0.576852 0.320833 0.586111 0.320833 0.593519 0.320833 0.601852
25 0.466667 0.875000 0.460938 0.866667 0.457292 0.853704 0.451562 0.837963 0.444792 0.824074 0.435937 0.807407 0.429688 0.795370 0.427604 0.789815 0.428646 0.784259 0.432812 0.778704 0.436458 0.774074 0.439583 0.775926 0.442188 0.781481 0.445833 0.788889 0.452083 0.795370 0.461458 0.806481 0.463542 0.809259 0.468750 0.815741 0.473438 0.817593 0.479687 0.819444 0.482812 0.819444 0.486458 0.820370 0.490625 0.824074 0.495833 0.835185 0.499479 0.845370 0.502083 0.852778 0.500000 0.855556 0.494792 0.851852 0.486458 0.846296 0.480208 0.843519 0.473438 0.837963 0.466667 0.835185 0.462500 0.837037 0.460938 0.844444 0.461458 0.854630 0.464583 0.863889 0.466667 0.870370
25 0.531250 0.819444 0.533333 0.821296 0.535937 0.822222 0.538542 0.824074 0.541667 0.824074 0.542188 0.825000 0.541146 0.829630 0.540104 0.833333 0.537500 0.841667 0.534896 0.844444 0.532292 0.848148 0.528646 0.852778 0.525000 0.857407 0.523438 0.858333 0.522396 0.857407 0.522396 0.852778 0.522917 0.845370 0.524479 0.836111 0.525521 0.830556 0.526563 0.825926 0.529687 0.820370
23 0.078125 0.334259 0.083333 0.326852 0.092188 0.319444 0.103646 0.316667 0.113021 0.317593 0.123438 0.323148 0.129688 0.332407 0.131771 0.343519 0.131771 0.357407 0.126562 0.373148 0.122396 0.379630 0.116146 0.385185 0.112500 0.385185 0.110937 0.379630 0.110937 0.374074 0.111979 0.365741 0.113542 0.357407 0.114583 0.350926 0.112500 0.344444 0.108854 0.340741 0.104688 0.340741 0.097396 0.341667 0.091146 0.346296 0.084896 0.348148 0.080208 0.348148 0.078125 0.344444 0.077083 0.340741
23 0.132292 0.322222 0.131250 0.328704 0.131250 0.339815 0.134896 0.350000 0.138542 0.357407 0.146354 0.366667 0.152083 0.371296 0.158333 0.373148 0.162500 0.373148 0.166146 0.370370 0.165104 0.357407 0.160938 0.348148 0.155208 0.341667 0.151042 0.335185 0.147396 0.330556 0.146875 0.325926 0.146354 0.311111 0.145833 0.302778 0.142187 0.302778 0.139583 0.304630 0.135937 0.311111 0.133333 0.319444
23 0.216146 0.263889 0.215625 0.269444 0.215104 0.280556 0.218229 0.296296 0.223438 0.305556 0.232292 0.314815 0.234896 0.321296 0.235417 0.329630 0.235937 0.337037 0.239583 0.340741 0.245312 0.338889 0.251042 0.325926 0.252604 0.303704 0.248438 0.294444 0.243750 0.289815 0.240625 0.281481 0.235937 0.270370 0.229687 0.262037 0.221875 0.259259
23 0.760417 0.449074 0.759896 0.456481 0.760938 0.466667 0.764583 0.476852 0.769792 0.491667 0.776042 0.503704 0.784896 0.514815 0.796875 0.525926 0.802083 0.526852 0.806250 0.524074 0.807292 0.517593 0.806771 0.513889 0.804167 0.507407 0.800521 0.499074 0.796354 0.490741 0.790625 0.479630 0.780729 0.463889 0.773438 0.455556 0.766146 0.448148 0.762500 0.447222
23 0.897396 0.531481 0.893229 0.539815 0.891146 0.548148 0.891146 0.555556 0.893229 0.569444 0.896875 0.583333 0.904687 0.594444 0.912500 0.599074 0.922396 0.598148 0.928646 0.605556 0.935937 0.616667 0.941667 0.624074 0.948438 0.627778 0.952604 0.623148 0.953646 0.616667 0.952604 0.602778 0.947396 0.588889 0.939063 0.575926 0.931250 0.568519 0.921354 0.564815 0.915104 0.559259 0.909375 0.547222 0.908333 0.534259 0.905208 0.529630 0.901042 0.528704 0.897917 0.528704
25 0.438021 0.835185 0.432292 0.837963 0.431250 0.848148 0.436458 0.853704 0.442188 0.866667 0.450000 0.868519 0.452083 0.857407 0.447396 0.847222 0.441146 0.839815
23 0.925000 0.790741 0.914583 0.799074 0.910417 0.814815 0.907292 0.830556 0.894792 0.841667 0.891667 0.859259 0.891146 0.878704 0.903125 0.885185 0.920312 0.881481 0.926042 0.861111 0.931250 0.833333 0.942187 0.819444 0.946354 0.797222 0.940104 0.789815
25 0.889583 0.712963 0.908854 0.726852 0.926042 0.737963 0.928646 0.718519 0.927083 0.687963 0.920833 0.675000 0.910417 0.670370 0.903646 0.672222 0.894792 0.698148
23 0.892708 0.659259 0.886979 0.665741 0.879687 0.673148 0.879687 0.688889 0.881250 0.702778 0.890104 0.700926 0.900000 0.690741 0.904687 0.680556 0.904687 0.669444 0.900000 0.660185