25 0.197917 0.503704 0.197917 0.511111 0.201042 0.519444 0.205729 0.525926 0.208854 0.530556 0.211979 0.539815 0.214583 0.548148 0.222917 0.558333 0.236458 0.572222 0.257812 0.598148 0.268750 0.609259 0.280729 0.622222 0.288021 0.624074 0.293750 0.620370 0.298438 0.614815 0.301042 0.606481 0.302604 0.598148 0.303125 0.581481 0.301563 0.573148 0.297396 0.567593 0.290625 0.555556 0.261458 0.524074 0.235417 0.497222 0.232292 0.495370 0.227604 0.497222 0.221875 0.499074 0.216146 0.500000 0.213021 0.500000 0.209375 0.497222 0.206250 0.492593 0.202604 0.491667 0.200000 0.492593 0.197396 0.498148
25 0.326042 0.678704 0.332292 0.684259 0.342708 0.700000 0.351042 0.712963 0.352083 0.720370 0.356250 0.728704 0.362500 0.732407 0.359896 0.722222 0.356250 0.708333 0.356250 0.702778 0.365625 0.700926 0.372917 0.705556 0.384375 0.709259 0.384375 0.703704 0.376042 0.692593 0.368750 0.684259 0.354167 0.677778 0.347396 0.675000 0.341146 0.672222 0.336979 0.669444 0.333333 0.667593 0.328125 0.668519 0.326042 0.675000
25 0.409896 0.677778 0.404167 0.684259 0.402604 0.691667 0.401562 0.702778 0.401562 0.717593 0.405729 0.715741 0.411979 0.706481 0.418750 0.691667 0.418750 0.683333 0.415625 0.679630 0.411458 0.677778
25 0.329688 0.709259 0.334896 0.706481 0.338021 0.707407 0.342187 0.711111 0.343750 0.719444 0.343750 0.726852 0.341146 0.727778 0.334896 0.722222 0.332292 0.719444 0.327604 0.716667
23 0.103646 0.313889 0.103125 0.319444 0.109375 0.341667 0.114062 0.350000 0.118750 0.369444 0.119271 0.384259 0.125000 0.388889 0.134375 0.379630 0.137500 0.357407 0.136979 0.343519 0.131250 0.330556 0.124479 0.323148 0.116667 0.317593 0.105208 0.312963
23 0.004167 0.365741 0.012500 0.364815 0.023958 0.366667 0.032813 0.377778 0.035417 0.392593 0.033854 0.408333 0.028125 0.422222 0.021875 0.425000 0.019792 0.422222 0.017708 0.417593 0.018229 0.408333 0.018229 0.401852 0.017708 0.396296 0.016146 0.394444 0.011979 0.392593 0.009896 0.394444 0.007292 0.394444 0.003646 0.392593 0.000000 0.387037 0.000000 0.371296
23 0.041667 0.350926 0.038542 0.359259 0.037500 0.369444 0.036458 0.380556 0.039062 0.391667 0.045833 0.397222 0.050000 0.400926 0.054167 0.404630 0.058854 0.409259 0.065625 0.412963 0.067708 0.405556 0.066146 0.397222 0.060417 0.387037 0.054688 0.385185 0.051042 0.379630 0.049479 0.370370 0.050000 0.357407 0.046875 0.350926
23 0.703646 0.416667 0.703125 0.436111 0.708333 0.453704 0.719792 0.463889 0.729167 0.466667 0.735938 0.472222 0.746354 0.482407 0.753646 0.487963 0.758854 0.487037 0.763021 0.483333 0.764062 0.476852 0.760938 0.466667 0.754687 0.461111 0.748437 0.455556 0.741146 0.448148 0.729688 0.444444 0.723958 0.437037 0.723437 0.428704 0.717708 0.415741 0.714583 0.413889 0.708333 0.412963
23 0.578125 0.389815 0.583333 0.408333 0.594792 0.420370 0.603646 0.428704 0.611458 0.433333 0.619271 0.432407 0.622396 0.425926 0.618750 0.408333 0.609375 0.397222 0.597917 0.383333 0.591146 0.377778 0.582292 0.379630
25 0.706771 0.564815 0.746875 0.577778 0.750000 0.558333 0.748437 0.527778 0.742188 0.514815 0.731771 0.510185 0.725000 0.512037 0.716146 0.537963
23 0.742188 0.605556 0.737500 0.616667 0.735938 0.637963 0.724479 0.652778 0.721875 0.668519 0.725000 0.681481 0.736458 0.682407 0.750000 0.675926 0.753646 0.649074 0.759896 0.631481 0.765104 0.609259 0.758854 0.596296 0.751042 0.597222
23 0.710417 0.512963 0.702083 0.518519 0.699479 0.535185 0.701042 0.552778 0.709375 0.550926 0.718229 0.540741 0.722396 0.527778 0.720313 0.513889 0.717187 0.509259
23 0.823438 0.471296 0.841146 0.477778 0.846875 0.488889 0.834896 0.493519 0.834375 0.508333 0.844792 0.518519 0.862500 0.512037 0.866146 0.487963 0.862500 0.462037 0.847396 0.447222 0.828125 0.437037 0.813542 0.437037 0.807813 0.446296 0.808333 0.460185