25 0.251042 0.690741 0.251563 0.697222 0.255729 0.706481 0.259896 0.712963 0.264062 0.717593 0.268750 0.721296 0.272396 0.725926 0.273958 0.729630 0.274479 0.735185 0.275000 0.742593 0.276042 0.754630 0.279687 0.759259 0.301042 0.780556 0.320833 0.806481 0.346354 0.839815 0.352604 0.846296 0.362500 0.848148 0.372396 0.837037 0.377604 0.820370 0.380208 0.800926 0.380729 0.790741 0.378646 0.779630 0.368750 0.769444 0.305208 0.696296 0.301042 0.692593 0.295833 0.691667 0.287500 0.695370 0.283333 0.697222 0.279687 0.695370 0.272396 0.687037 0.266146 0.681481 0.259896 0.677778 0.255729 0.678704 0.253125 0.681481
25 0.404167 0.918519 0.404167 0.911111 0.406250 0.906481 0.408854 0.902778 0.414062 0.899074 0.419271 0.900000 0.423958 0.905556 0.429167 0.911111 0.438542 0.919444 0.443229 0.921296 0.448437 0.925926 0.454688 0.926852 0.459896 0.925000 0.462500 0.924074 0.467708 0.924074 0.471354 0.927778 0.477083 0.935185 0.481250 0.943519 0.483333 0.948148 0.484375 0.950926 0.491146 0.952778 0.494271 0.953704 0.495833 0.955556 0.495312 0.959259 0.489583 0.960185 0.483333 0.959259 0.477083 0.956481 0.472396 0.952778 0.468229 0.949074 0.460938 0.949074 0.453646 0.950926 0.450000 0.951852 0.446875 0.955556 0.445833 0.960185 0.450000 0.968519 0.456250 0.975926 0.457292 0.985185 0.456771 0.990741 0.452083 0.988889 0.445833 0.977778 0.442188 0.970370 0.435937 0.956481 0.426042 0.941667 0.420833 0.937037 0.414583 0.930556
25 0.502083 0.955556 0.501563 0.948148 0.502604 0.937037 0.505729 0.927778 0.508854 0.919444 0.510938 0.919444 0.516146 0.922222 0.518229 0.924074 0.518229 0.931481 0.514583 0.944444 0.512500 0.955556 0.507292 0.957407
23 0.813021 0.566667 0.809896 0.571296 0.807292 0.579630 0.807292 0.587963 0.808333 0.597222 0.813021 0.606481 0.817187 0.614815 0.827083 0.624074 0.838542 0.628704 0.847396 0.631481 0.854688 0.639815 0.859896 0.646296 0.864583 0.649074 0.867708 0.650926 0.870833 0.650926 0.873958 0.650926 0.876042 0.647222 0.877083 0.643519 0.876563 0.637963 0.876042 0.633333 0.869792 0.622222 0.857292 0.607407 0.848437 0.600926 0.835938 0.595370 0.826562 0.589815 0.823958 0.583333 0.825000 0.573148 0.823438 0.565741 0.819792 0.562037 0.816146 0.562963
23 0.679688 0.516667 0.679688 0.524074 0.679688 0.530556 0.679688 0.535185 0.678646 0.539815 0.678646 0.544444 0.681250 0.550000 0.685417 0.552778 0.691146 0.562037 0.695833 0.563889 0.706250 0.573148 0.714583 0.579630 0.720313 0.579630 0.725000 0.577778 0.726042 0.572222 0.725000 0.565741 0.722396 0.559259 0.716667 0.550000 0.700000 0.530556 0.689063 0.523148
25 0.828646 0.746296 0.834896 0.720370 0.843229 0.686111 0.847396 0.686111 0.856250 0.688889 0.864583 0.694444 0.868750 0.701852 0.869792 0.719444 0.867188 0.746296 0.867188 0.756481 0.857812 0.755556 0.842708 0.751852 0.829688 0.748148
23 0.130208 0.425000 0.128646 0.439815 0.129167 0.452778 0.132292 0.462037 0.139583 0.473148 0.150521 0.478704 0.154688 0.481481 0.156771 0.487963 0.157292 0.495370 0.158333 0.502778 0.163542 0.504630 0.169271 0.497222 0.171354 0.486111 0.172396 0.475000 0.168229 0.460185 0.156771 0.447222 0.148438 0.439815 0.144792 0.434259 0.141146 0.425000 0.138542 0.422222 0.133854 0.422222 0.132292 0.423148
23 0.053125 0.478704 0.051042 0.487037 0.051562 0.496296 0.053125 0.510185 0.056250 0.523148 0.064583 0.536111 0.071354 0.541667 0.079167 0.546296 0.084896 0.549074 0.089063 0.549074 0.093750 0.546296 0.094271 0.538889 0.093750 0.531481 0.092188 0.527778 0.090625 0.524074 0.084896 0.522222 0.080729 0.522222 0.075000 0.516667 0.068750 0.506481 0.067187 0.497222 0.066146 0.488889 0.067708 0.478704 0.068229 0.471296 0.065104 0.466667 0.062500 0.466667 0.060937 0.466667 0.059375 0.468519 0.057292 0.471296
23 0.002604 0.517593 0.005208 0.511111 0.010937 0.503704 0.020833 0.500000 0.032292 0.499074 0.041667 0.500926 0.048438 0.506481 0.054167 0.519444 0.055729 0.533333 0.054688 0.549074 0.051562 0.559259 0.047396 0.567593 0.043229 0.568519 0.039583 0.567593 0.038021 0.563889 0.037500 0.556481 0.038021 0.547222 0.038542 0.541667 0.036979 0.536111 0.035417 0.530556 0.033854 0.529630 0.029687 0.527778 0.023958 0.529630 0.018229 0.531481 0.013542 0.533333 0.007292 0.537037 0.002083 0.537037 0.000521 0.531481 0.000000 0.526852
26 0.000000 0.368519 0.001563 0.366667 0.007292 0.357407 0.020833 0.337963 0.023958 0.319444 0.017188 0.284259 0.017188 0.235185 0.018750 0.191667 0.015104 0.148148 0.009896 0.089815 0.003125 0.000000 0.000000 0.000000
23 0.930208 0.606481 0.940104 0.614815 0.952083 0.622222 0.955208 0.633333 0.948958 0.641667 0.944792 0.653704 0.946875 0.670370 0.966667 0.672222 0.975000 0.659259 0.984896 0.639815 0.985417 0.619444 0.976042 0.600000 0.960938 0.585185 0.940625 0.575926 0.931250 0.573148 0.919271 0.575000 0.912500 0.589815 0.916667 0.600000
23 0.865104 0.802778 0.855729 0.817593 0.855208 0.845370 0.848437 0.861111 0.844271 0.882407 0.847396 0.901852 0.857292 0.902778 0.873958 0.891667 0.882812 0.863889 0.882292 0.835185 0.892188 0.814815 0.892188 0.792593 0.882292 0.782407 0.871354 0.792593
23 0.824479 0.725926 0.820312 0.730556 0.815625 0.722222 0.815625 0.704630 0.820833 0.689815 0.829688 0.681481 0.835938 0.684259 0.840104 0.690741 0.838542 0.701852 0.833333 0.718519