23 0.241146 0.774074 0.237500 0.787963 0.238021 0.801852 0.238542 0.815741 0.242188 0.837037 0.245833 0.846296 0.248438 0.859259 0.248958 0.873148 0.250000 0.892593 0.255208 0.900000 0.263542 0.903704 0.268750 0.900926 0.273958 0.888889 0.277083 0.878704 0.277604 0.863889 0.277083 0.854630 0.275000 0.831481 0.270833 0.819444 0.264062 0.812037 0.260937 0.803704 0.259375 0.798148 0.258333 0.786111 0.257292 0.775000 0.253646 0.763889 0.248438 0.760185 0.242708 0.762037
25 0.150521 0.771296 0.154688 0.753704 0.161458 0.732407 0.162500 0.717593 0.161458 0.701852 0.157812 0.684259 0.159896 0.676852 0.172396 0.673148 0.181771 0.670370 0.195833 0.668519 0.200000 0.670370 0.204687 0.674074 0.206771 0.679630 0.208333 0.681481 0.210417 0.687963 0.208333 0.699074 0.207292 0.706481 0.208333 0.715741 0.209896 0.724074 0.197917 0.737037 0.178646 0.756481 0.160938 0.773148 0.153646 0.777778
23 0.084375 0.570370 0.089063 0.570370 0.093750 0.574074 0.094792 0.576852 0.095833 0.580556 0.098958 0.585185 0.103125 0.585185 0.110937 0.581481 0.121354 0.577778 0.131250 0.575000 0.142187 0.573148 0.150521 0.575000 0.156771 0.577778 0.167708 0.581481 0.170833 0.586111 0.170833 0.593519 0.170313 0.600000 0.164583 0.603704 0.157292 0.604630 0.150521 0.604630 0.144271 0.603704 0.138021 0.605556 0.127604 0.611111 0.120833 0.617593 0.113542 0.623148 0.104688 0.623148 0.096875 0.625000 0.087500 0.623148 0.082292 0.618519 0.077604 0.608333 0.076042 0.594444 0.077083 0.578704 0.080208 0.572222
25 0.431250 0.608333 0.427083 0.608333 0.426042 0.609259 0.423438 0.612963 0.421354 0.616667 0.418750 0.619444 0.414583 0.622222 0.411979 0.625000 0.408854 0.631481 0.406250 0.644444 0.404167 0.658333 0.403125 0.685185 0.405729 0.692593 0.412500 0.700000 0.420833 0.703704 0.430208 0.706481 0.436458 0.707407 0.447917 0.699074 0.453125 0.688889 0.456250 0.670370 0.456771 0.654630 0.455208 0.649074 0.452604 0.644444 0.448958 0.639815 0.444271 0.637037 0.441667 0.628704 0.438542 0.626852 0.436458 0.622222 0.435937 0.617593 0.434896 0.613889 0.434375 0.610185 0.432292 0.608333
23 0.396875 0.635185 0.393229 0.650926 0.387500 0.666667 0.378646 0.672222 0.372396 0.668519 0.368229 0.664815 0.364583 0.668519 0.365104 0.680556 0.367708 0.696296 0.375000 0.704630 0.380208 0.706481 0.388542 0.704630 0.395313 0.700000 0.398438 0.692593 0.402083 0.687037 0.403646 0.679630 0.404687 0.655556 0.406250 0.641667 0.406771 0.633333 0.402083 0.632407
23 0.444792 0.634259 0.448437 0.632407 0.457292 0.632407 0.469792 0.635185 0.478646 0.639815 0.493750 0.643519 0.500521 0.649074 0.500000 0.659259 0.489063 0.666667 0.476042 0.671296 0.468750 0.671296 0.461979 0.670370 0.458333 0.662963 0.457292 0.655556 0.453646 0.646296 0.450000 0.639815 0.444271 0.635185
23 0.205208 0.481481 0.207813 0.483333 0.213542 0.481481 0.216146 0.479630 0.226562 0.475926 0.235417 0.475000 0.241146 0.475926 0.248438 0.479630 0.251042 0.483333 0.251042 0.488889 0.247917 0.496296 0.245833 0.508333 0.247917 0.517593 0.253646 0.522222 0.261458 0.519444 0.268750 0.510185 0.273438 0.488889 0.272396 0.475926 0.267188 0.462037 0.259896 0.449074 0.246875 0.440741 0.237500 0.437037 0.225000 0.440741 0.210938 0.450000 0.206250 0.455556 0.203646 0.464815 0.202083 0.471296 0.202083 0.475926
23 0.497917 0.517593 0.500000 0.509259 0.504687 0.500000 0.513542 0.491667 0.519792 0.487963 0.529687 0.485185 0.536979 0.482407 0.543229 0.481481 0.556250 0.475000 0.561979 0.470370 0.567187 0.466667 0.570833 0.463889 0.574479 0.463889 0.578646 0.464815 0.580729 0.468519 0.582292 0.473148 0.581250 0.477778 0.578125 0.486111 0.572396 0.491667 0.568750 0.496296 0.563021 0.500000 0.556250 0.501852 0.552083 0.503704 0.545833 0.507407 0.540104 0.510185 0.535417 0.511111 0.532292 0.513889 0.527083 0.516667 0.522396 0.519444 0.519271 0.524074 0.511458 0.531481 0.506250 0.533333 0.501042 0.530556 0.498437 0.526852
26 0.755729 0.609259 0.763021 0.608333 0.768750 0.606481 0.772917 0.601852 0.778125 0.595370 0.785937 0.591667 0.802604 0.588889 0.823958 0.587037 0.862500 0.577778 0.909896 0.569444 0.913542 0.575926 0.914583 0.586111 0.910417 0.589815 0.897396 0.596296 0.884896 0.601852 0.875521 0.603704 0.853125 0.611111 0.818229 0.620370 0.808854 0.620370 0.803646 0.615741 0.799479 0.608333 0.793750 0.605556 0.786979 0.607407 0.782813 0.609259 0.773438 0.622222 0.759896 0.624074 0.753646 0.621296 0.751563 0.617593 0.752083 0.613889
31 0.810937 0.468519 0.809896 0.466667 0.808854 0.461111 0.810937 0.452778 0.815104 0.450000 0.817187 0.449074 0.819271 0.450000 0.823958 0.452778 0.829688 0.452778 0.838542 0.453704 0.842187 0.457407 0.845833 0.462037 0.848958 0.468519 0.852083 0.476852 0.853646 0.486111 0.851562 0.495370 0.848958 0.506481 0.845833 0.520370 0.843229 0.528704 0.842187 0.532407 0.844792 0.536111 0.848958 0.537037 0.855208 0.539815 0.859896 0.546296 0.867188 0.556481 0.872917 0.579630 0.875000 0.595370 0.872917 0.612037 0.866667 0.624074 0.862500 0.626852 0.861458 0.631481 0.867188 0.639815 0.875000 0.645370 0.882292 0.651852 0.885938 0.654630 0.891146 0.650926 0.894792 0.637037 0.898958 0.621296 0.905208 0.607407 0.914583 0.600926 0.922917 0.611111 0.921354 0.626852 0.911458 0.647222 0.900521 0.683333 0.888021 0.702778 0.875521 0.699074 0.866667 0.697222 0.859375 0.704630 0.853646 0.711111 0.843750 0.707407 0.836458 0.700000 0.832292 0.693519 0.834375 0.682407 0.841146 0.662037 0.848437 0.648148 0.856250 0.646296 0.854688 0.641667 0.851562 0.637037 0.850000 0.633333 0.850000 0.628704 0.851042 0.622222 0.854688 0.614815 0.858333 0.609259 0.862500 0.604630 0.865104 0.598148 0.865625 0.587963 0.863021 0.573148 0.860938 0.566667 0.856250 0.557407 0.846875 0.550926 0.838542 0.546296 0.835417 0.544444 0.831771 0.532407 0.833333 0.518519 0.835938 0.511111 0.842187 0.499074 0.844271 0.491667 0.843750 0.485185 0.841667 0.477778 0.838542 0.470370 0.836979 0.468519 0.833333 0.467593 0.830729 0.469444 0.828125 0.470370 0.823958 0.470370 0.819792 0.468519 0.816146 0.467593 0.814063 0.469444
23 0.145313 0.684259 0.137500 0.696296 0.134375 0.721296 0.134375 0.748148 0.143750 0.759259 0.152083 0.750926 0.158333 0.733333 0.160417 0.711111 0.157292 0.690741