23 0.374479 0.828704 0.367188 0.824074 0.363021 0.813889 0.361979 0.804630 0.361458 0.795370 0.361458 0.787963 0.359896 0.778704 0.357292 0.770370 0.354687 0.761111 0.351042 0.746296 0.347396 0.737037 0.346875 0.722222 0.347396 0.711111 0.350000 0.701852 0.352604 0.697222 0.359375 0.693519 0.363542 0.694444 0.367708 0.698148 0.370312 0.703704 0.370833 0.712963 0.370833 0.718519 0.372396 0.725926 0.375000 0.733333 0.379688 0.739815 0.384375 0.747222 0.388542 0.757407 0.391146 0.766667 0.392188 0.788889 0.390625 0.806481 0.385937 0.819444 0.382292 0.825926
25 0.258854 0.699074 0.259896 0.686111 0.264583 0.668519 0.267188 0.662037 0.270833 0.652778 0.271354 0.635185 0.268750 0.624074 0.266146 0.616667 0.264583 0.606481 0.264583 0.600000 0.272396 0.600000 0.283854 0.597222 0.294271 0.595370 0.303646 0.593519 0.313021 0.593519 0.316667 0.598148 0.319792 0.607407 0.318750 0.615741 0.319271 0.624074 0.319271 0.634259 0.318229 0.641667 0.316146 0.649074 0.295833 0.669444 0.274479 0.692593
23 0.023958 0.600000 0.027083 0.618519 0.030208 0.639815 0.041146 0.637037 0.052083 0.637963 0.062500 0.637037 0.077083 0.634259 0.083333 0.630556 0.089583 0.624074 0.090104 0.620370 0.087500 0.611111 0.083333 0.603704 0.078125 0.600926 0.070833 0.598148 0.058333 0.597222 0.037500 0.595370 0.027083 0.597222 0.023438 0.599074
23 0.181250 0.492593 0.178125 0.497222 0.177083 0.501852 0.176042 0.509259 0.177083 0.516667 0.179167 0.530556 0.184375 0.542593 0.194271 0.548148 0.210417 0.548148 0.221354 0.541667 0.232292 0.533333 0.244271 0.531481 0.257812 0.533333 0.265625 0.532407 0.272396 0.531481 0.275000 0.525926 0.276042 0.521296 0.275521 0.514815 0.271354 0.506481 0.262500 0.500926 0.256250 0.497222 0.243229 0.495370 0.235937 0.497222 0.220833 0.502778 0.208854 0.511111 0.203125 0.511111 0.198437 0.509259 0.196875 0.506481 0.195833 0.500000 0.193750 0.493519 0.189062 0.490741 0.184375 0.489815
23 0.302083 0.394444 0.306771 0.388889 0.312500 0.385185 0.319271 0.381481 0.326562 0.380556 0.334896 0.380556 0.337500 0.380556 0.351042 0.384259 0.360938 0.389815 0.367708 0.394444 0.370833 0.401852 0.373437 0.409259 0.373958 0.417593 0.372917 0.428704 0.371354 0.437037 0.367708 0.443519 0.361458 0.450926 0.356250 0.452778 0.350521 0.450000 0.346875 0.442593 0.345833 0.433333 0.347917 0.425926 0.351042 0.418519 0.352083 0.414815 0.351042 0.411111 0.347396 0.408333 0.341667 0.404630 0.336979 0.403704 0.330729 0.403704 0.323437 0.406481 0.316146 0.410185 0.309896 0.412963 0.306250 0.412963 0.303646 0.411111 0.302083 0.406481
25 0.512500 0.620370 0.513542 0.612037 0.513542 0.605556 0.513542 0.597222 0.514062 0.585185 0.519271 0.554630 0.522396 0.547222 0.526042 0.542593 0.527083 0.543519 0.529687 0.547222 0.531250 0.547222 0.534896 0.544444 0.537500 0.543519 0.539583 0.541667 0.542188 0.543519 0.543750 0.549074 0.544271 0.554630 0.545312 0.559259 0.547917 0.563889 0.551042 0.567593 0.553646 0.573148 0.561979 0.578704 0.563542 0.581481 0.564063 0.585185 0.564583 0.596296 0.564583 0.608333 0.563542 0.617593 0.558333 0.630556 0.550521 0.635185 0.541146 0.636111 0.532292 0.635185 0.522917 0.631481 0.519271 0.628704 0.517188 0.625926 0.514062 0.622222
23 0.518750 0.557407 0.514062 0.583333 0.513542 0.588889 0.513542 0.595370 0.513542 0.600926 0.512500 0.612963 0.511979 0.622222 0.509375 0.628704 0.504687 0.633333 0.495833 0.637037 0.487500 0.634259 0.481771 0.629630 0.477083 0.625926 0.475000 0.624074 0.471354 0.621296 0.469792 0.615741 0.468750 0.610185 0.469792 0.601852 0.470833 0.598148 0.472396 0.591667 0.478125 0.589815 0.485938 0.597222 0.491667 0.603704 0.494792 0.603704 0.496875 0.595370 0.498437 0.586111 0.501563 0.575000 0.508333 0.562037 0.511458 0.558333
23 0.556771 0.571296 0.561458 0.575000 0.564583 0.581481 0.566146 0.588889 0.566146 0.600000 0.566146 0.604630 0.581250 0.607407 0.588542 0.606481 0.593750 0.604630 0.600000 0.601852 0.603646 0.601852 0.607292 0.600000 0.608333 0.595370 0.606771 0.588889 0.604167 0.583333 0.589583 0.575926 0.584896 0.573148 0.578125 0.570370 0.567187 0.566667 0.563021 0.566667 0.560937 0.564815 0.552604 0.559259 0.551042 0.562963 0.552083 0.569444 0.556250 0.573148
23 0.600000 0.465741 0.598437 0.459259 0.598958 0.451852 0.601042 0.448148 0.604688 0.442593 0.610417 0.435185 0.618750 0.428704 0.625521 0.425926 0.635417 0.425000 0.644792 0.423148 0.647917 0.422222 0.653646 0.420370 0.660937 0.416667 0.663542 0.412963 0.670833 0.403704 0.675000 0.406481 0.677604 0.412037 0.677083 0.419444 0.675000 0.426852 0.670833 0.434259 0.664583 0.442593 0.660937 0.444444 0.651563 0.448148 0.644792 0.449074 0.635417 0.450926 0.628646 0.455556 0.620833 0.463889 0.608333 0.473148 0.605208 0.473148 0.602083 0.470370
31 0.909375 0.437037 0.904687 0.436111 0.897917 0.430556 0.893750 0.425000 0.892188 0.415741 0.895833 0.409259 0.900000 0.408333 0.907292 0.409259 0.918750 0.414815 0.926042 0.417593 0.932292 0.423148 0.933854 0.430556 0.934896 0.436111 0.934896 0.444444 0.933333 0.448148 0.929167 0.461111 0.925521 0.473148 0.922396 0.486111 0.923958 0.488889 0.929167 0.490741 0.940625 0.500000 0.947917 0.509259 0.956250 0.522222 0.959375 0.537037 0.960938 0.550926 0.961458 0.567593 0.959375 0.573148 0.954167 0.577778 0.953125 0.582407 0.959896 0.589815 0.967187 0.583333 0.977604 0.581481 0.984375 0.576852 0.983333 0.568519 0.981250 0.554630 0.988542 0.552778 0.994792 0.566667 0.996354 0.577778 0.994271 0.589815 0.991146 0.600000 0.990625 0.606481 0.991146 0.612963 0.991667 0.625926 0.988542 0.640741 0.984375 0.650926 0.976042 0.657407 0.966146 0.655556 0.960938 0.652778 0.956250 0.652778 0.948958 0.657407 0.940625 0.660185 0.927604 0.657407 0.923438 0.646296 0.925000 0.634259 0.925521 0.616667 0.925000 0.602778 0.930729 0.595370 0.936979 0.595370 0.939583 0.590741 0.936458 0.587963 0.935417 0.585185 0.936458 0.580556 0.938542 0.575926 0.940625 0.573148 0.948438 0.563889 0.953125 0.557407 0.952604 0.546296 0.949479 0.533333 0.944792 0.520370 0.939583 0.513889 0.935417 0.511111 0.928125 0.508333 0.920833 0.507407 0.916667 0.502778 0.914583 0.495370 0.914583 0.488889 0.915104 0.481481 0.917708 0.472222 0.920833 0.462037 0.922917 0.455556 0.925521 0.448148 0.926042 0.442593 0.924479 0.436111 0.922396 0.432407 0.917708 0.432407 0.914062 0.434259
26 0.845833 0.560185 0.853646 0.562037 0.858854 0.561111 0.863542 0.558333 0.867188 0.553704 0.872396 0.546296 0.879687 0.543519 0.897396 0.544444 0.921875 0.541667 0.951042 0.537963 0.984375 0.533333 0.999479 0.527778 0.998958 0.550926 0.994792 0.553704 0.985938 0.557407 0.977083 0.559259 0.963542 0.562963 0.939583 0.567593 0.928125 0.570370 0.913542 0.574074 0.906250 0.574074 0.900000 0.570370 0.894792 0.569444 0.893750 0.564815 0.891146 0.558333 0.883333 0.550926 0.877083 0.550926 0.872917 0.554630 0.871354 0.561111 0.869792 0.571296 0.860938 0.575926 0.851042 0.573148 0.843750 0.569444 0.842187 0.566667 0.842187 0.562037 0.843750 0.561111
23 0.254688 0.610185 0.244792 0.627778 0.243750 0.646296 0.245312 0.675000 0.255729 0.685185 0.263542 0.673148 0.271875 0.643519 0.269271 0.623148