25 0.453646 0.562963 0.453125 0.555556 0.454688 0.547222 0.457813 0.540741 0.460417 0.538889 0.463542 0.537037 0.466146 0.539815 0.470833 0.543519 0.479167 0.548148 0.487500 0.552778 0.493229 0.555556 0.507292 0.561111 0.516146 0.563889 0.520833 0.562037 0.526042 0.562963 0.530208 0.562037 0.540625 0.568519 0.560937 0.581481 0.587500 0.601852 0.597396 0.608333 0.604167 0.615741 0.608333 0.625926 0.609896 0.637037 0.609896 0.650926 0.608333 0.670370 0.605729 0.681481 0.601042 0.686111 0.595833 0.692593 0.591667 0.697222 0.583333 0.700000 0.575000 0.696296 0.568750 0.690741 0.557292 0.679630 0.543229 0.667593 0.529687 0.655556 0.517708 0.643519 0.506771 0.629630 0.496875 0.611111 0.492188 0.603704 0.485938 0.594444 0.479167 0.587037 0.472396 0.581481 0.467708 0.576852 0.460938 0.570370 0.455729 0.565741
23 0.450000 0.430556 0.447917 0.424074 0.447396 0.414815 0.448958 0.402778 0.453125 0.390741 0.457292 0.385185 0.467187 0.375926 0.474479 0.373148 0.484896 0.370370 0.497396 0.368519 0.511458 0.371296 0.526042 0.376852 0.538542 0.381481 0.551042 0.386111 0.559896 0.390741 0.563542 0.395370 0.565625 0.402778 0.566146 0.407407 0.566146 0.411111 0.563021 0.417593 0.555208 0.418519 0.548958 0.417593 0.542188 0.415741 0.527083 0.411111 0.517188 0.408333 0.510938 0.406481 0.503646 0.403704 0.496875 0.402778 0.490625 0.402778 0.480208 0.406481 0.475000 0.411111 0.471354 0.414815 0.468229 0.420370 0.466146 0.425000 0.463021 0.428704 0.456771 0.432407 0.451562 0.433333
27 0.818229 0.771296 0.818750 0.780556 0.819792 0.790741 0.821875 0.811111 0.826042 0.833333 0.829167 0.850926 0.833333 0.879630 0.835417 0.889815 0.840104 0.892593 0.851562 0.890741 0.866667 0.885185 0.888542 0.877778 0.909896 0.872222 0.933333 0.865741 0.935937 0.862037 0.935937 0.852778 0.931250 0.830556 0.913021 0.750926 0.907292 0.744444 0.901042 0.742593 0.892188 0.737963 0.866146 0.745370 0.839583 0.756481
42 0.708333 0.473148 0.719792 0.486111 0.731771 0.500000 0.746354 0.515741 0.760417 0.532407 0.781250 0.553704 0.801042 0.576852 0.819271 0.597222 0.833854 0.611111 0.845833 0.619444 0.848437 0.617593 0.851042 0.613889 0.850000 0.608333 0.847396 0.601852 0.839063 0.591667 0.817708 0.568519 0.786979 0.537963 0.767188 0.512037 0.750000 0.497222 0.741667 0.487037 0.729167 0.476852 0.722917 0.470370 0.714583 0.461111 0.710938 0.459259 0.708333 0.462037 0.706771 0.468519
26 0.816667 0.775926 0.817708 0.778704 0.818750 0.784259 0.818750 0.788889 0.812500 0.792593 0.805729 0.798148 0.799479 0.802778 0.789583 0.808333 0.782292 0.811111 0.775000 0.807407 0.767188 0.800000 0.761458 0.787037 0.757812 0.773148 0.753646 0.735185 0.748437 0.696296 0.746354 0.684259 0.741146 0.684259 0.738021 0.681481 0.735938 0.677778 0.737500 0.669444 0.738542 0.664815 0.739583 0.661111 0.736458 0.659259 0.731250 0.659259 0.726042 0.655556 0.726042 0.650000 0.729688 0.646296 0.733333 0.646296 0.739062 0.646296 0.743750 0.645370 0.747396 0.642593 0.751042 0.639815 0.753125 0.640741 0.757292 0.641667 0.760417 0.646296 0.760938 0.655556 0.760417 0.663889 0.758333 0.670370 0.758333 0.671296 0.760938 0.675000 0.760938 0.682407 0.759375 0.689815 0.757292 0.692593 0.757292 0.700926 0.759896 0.715741 0.763542 0.743519 0.766667 0.770370 0.772396 0.781481 0.775521 0.788889 0.779687 0.792593 0.783854 0.792593 0.791146 0.790741 0.800000 0.786111 0.806250 0.782407 0.810417 0.778704
26 0.625000 0.959259 0.632292 0.959259 0.634896 0.956481 0.633333 0.950926 0.633333 0.944444 0.634375 0.936111 0.633333 0.930556 0.625000 0.925000 0.613542 0.922222 0.600521 0.917593 0.589583 0.911111 0.580208 0.911111 0.572917 0.912037 0.568229 0.912963 0.565625 0.912963 0.563542 0.908333 0.562500 0.900000 0.559896 0.891667 0.556250 0.880556 0.550521 0.877778 0.547396 0.877778 0.543750 0.877778 0.540625 0.878704 0.536979 0.879630 0.533333 0.881481 0.531250 0.887037 0.530208 0.892593 0.529687 0.901852 0.531250 0.910185 0.533333 0.920370 0.533854 0.925926 0.533854 0.933333 0.534375 0.937963 0.539583 0.946296 0.543229 0.946296 0.550521 0.946296 0.556250 0.941667 0.558333 0.938889 0.564583 0.936111 0.567708 0.935185 0.573438 0.935185 0.578125 0.937037 0.582812 0.943519 0.584896 0.946296 0.588021 0.950000 0.593750 0.950926 0.598958 0.950926 0.603646 0.950926 0.607292 0.951852 0.612500 0.955556 0.614583 0.957407 0.620313 0.959259
27 0.999479 0.495370 0.973437 0.491667 0.953646 0.485185 0.932813 0.478704 0.916667 0.476852 0.902604 0.473148 0.885938 0.467593 0.869792 0.455556 0.857292 0.448148 0.851042 0.442593 0.847396 0.433333 0.844271 0.419444 0.843229 0.407407 0.843750 0.288889 0.848437 0.125926 0.858333 0.035185 0.860938 0.000000 0.999479 0.000000
48 0.806250 0.497222 0.806771 0.489815 0.809375 0.477778 0.811458 0.467593 0.816146 0.452778 0.820312 0.442593 0.822396 0.436111 0.827083 0.427778 0.833333 0.422222 0.838542 0.420370 0.844792 0.423148 0.848437 0.424074 0.850000 0.421296 0.850521 0.417593 0.852083 0.411111 0.853125 0.403704 0.854167 0.401852 0.855208 0.402778 0.855208 0.408333 0.854167 0.414815 0.853646 0.419444 0.853125 0.425000 0.852083 0.430556 0.852083 0.436111 0.851562 0.440741 0.851562 0.444444 0.851562 0.447222 0.851042 0.448148 0.850000 0.450926 0.848958 0.450000 0.847396 0.448148 0.846354 0.450926 0.844792 0.456481 0.841146 0.468519 0.833333 0.484259 0.827083 0.494444 0.822396 0.503704 0.818750 0.505556 0.814583 0.503704 0.811458 0.502778 0.808333 0.500926
25 0.804167 0.714815 0.804688 0.724074 0.806250 0.736111 0.806250 0.743519 0.807813 0.752778 0.811979 0.762963 0.815625 0.769444 0.818229 0.770370 0.840104 0.755556 0.863542 0.745370 0.865625 0.739815 0.866667 0.730556 0.864583 0.718519 0.863021 0.710185 0.860417 0.703704 0.857812 0.700926 0.854688 0.703704 0.852083 0.712963 0.850000 0.719444 0.850000 0.729630 0.852083 0.740741 0.853125 0.749074 0.828646 0.757407 0.822917 0.750926 0.818229 0.739815 0.814063 0.731481 0.809896 0.724074 0.808333 0.718519 0.806250 0.714815
26 0.070312 0.375000 0.070833 0.381481 0.078646 0.381481 0.086458 0.372222 0.102083 0.357407 0.107813 0.362037 0.118229 0.355556 0.132292 0.339815 0.152604 0.315741 0.166667 0.298148 0.168229 0.290741 0.167708 0.286111 0.166146 0.283333 0.163542 0.281481 0.159896 0.281481 0.156250 0.285185 0.148438 0.291667 0.139583 0.301852 0.129167 0.313889 0.121875 0.322222 0.110937 0.333333 0.102083 0.338889 0.091667 0.346296 0.084896 0.352778 0.078646 0.361111 0.071875 0.372222
31 0.102083 0.300000 0.100000 0.305556 0.100000 0.314815 0.101042 0.318519 0.103646 0.322222 0.104688 0.322222 0.108333 0.315741 0.110937 0.311111 0.116146 0.308333 0.122396 0.310185 0.127604 0.314815 0.131771 0.322222 0.132292 0.328704 0.131771 0.335185 0.131250 0.341667 0.131771 0.348148 0.132292 0.350926 0.137500 0.350926 0.139583 0.346296 0.141146 0.335185 0.139063 0.320370 0.135417 0.310185 0.131250 0.303704 0.125000 0.297222 0.119792 0.293519 0.115625 0.292593 0.108333 0.293519 0.104167 0.299074
23 0.298438 0.183333 0.300000 0.195370 0.301563 0.206481 0.304167 0.216667 0.308333 0.224074 0.313542 0.228704 0.322917 0.233333 0.333333 0.233333 0.335938 0.229630 0.336458 0.222222 0.335417 0.211111 0.322917 0.201852 0.319271 0.196296 0.314583 0.188889 0.312500 0.181481 0.311458 0.173148 0.313542 0.168519 0.316146 0.162963 0.314583 0.157407 0.312500 0.155556 0.306250 0.154630 0.301563 0.156481 0.298958 0.163889 0.298438 0.175000
23 0.404687 0.153704 0.404167 0.159259 0.404167 0.165741 0.405729 0.169444 0.409375 0.170370 0.412500 0.170370 0.414583 0.168519 0.417187 0.162963 0.420312 0.157407 0.423958 0.151852 0.428125 0.148148 0.439063 0.141667 0.443750 0.139815 0.443229 0.134259 0.441146 0.127778 0.436458 0.124074 0.431250 0.125926 0.425521 0.130556 0.417708 0.137037 0.412500 0.142593 0.407813 0.148148
26 0.802083 0.834259 0.799479 0.837037 0.798438 0.843519 0.800000 0.848148 0.801042 0.854630 0.800000 0.859259 0.800000 0.867593 0.798438 0.877778 0.797396 0.883333 0.798438 0.893519 0.798438 0.899074 0.798958 0.905556 0.800000 0.912037 0.806771 0.915741 0.810937 0.917593 0.817708 0.922222 0.826042 0.923148 0.831771 0.921296 0.831250 0.912963 0.829167 0.899074 0.828646 0.888889 0.827083 0.879630 0.826562 0.873148 0.826042 0.871296 0.827083 0.866667 0.826562 0.855556 0.825521 0.850000 0.823958 0.839815 0.821354 0.830556 0.818750 0.828704 0.815104 0.829630 0.809375 0.832407
26 0.896875 0.878704 0.900521 0.877778 0.906250 0.881481 0.907292 0.886111 0.908333 0.887963 0.908854 0.895370 0.908333 0.901852 0.905208 0.907407 0.903125 0.914815 0.901042 0.927778 0.899479 0.941667 0.902604 0.950926 0.906250 0.962037 0.904167 0.976852 0.902083 0.987963 0.898438 0.999074 0.879167 0.998148 0.876563 0.991667 0.875000 0.984259 0.876042 0.970370 0.880729 0.953704 0.884896 0.927778 0.888542 0.910185 0.892188 0.895370 0.894792 0.883333