23 0.410938 0.470370 0.407813 0.475000 0.404687 0.486111 0.406250 0.503704 0.411979 0.516667 0.427083 0.524074 0.446354 0.524074 0.458333 0.523148 0.470833 0.527778 0.480729 0.532407 0.487500 0.534259 0.493750 0.530556 0.497396 0.522222 0.495312 0.513889 0.492708 0.509259 0.487500 0.504630 0.480208 0.497222 0.471875 0.495370 0.463542 0.493519 0.457292 0.493519 0.440625 0.494444 0.432292 0.492593 0.428646 0.490741 0.425521 0.486111 0.424479 0.477778 0.421354 0.471296 0.418229 0.468519
23 0.533854 0.435185 0.536458 0.425926 0.544792 0.417593 0.553646 0.416667 0.563542 0.418519 0.573958 0.424074 0.581250 0.429630 0.585938 0.437037 0.588542 0.440741 0.592187 0.448148 0.595833 0.461111 0.596875 0.473148 0.595833 0.487963 0.589583 0.499074 0.583854 0.501852 0.578646 0.500000 0.575000 0.496296 0.573438 0.492593 0.574479 0.486111 0.576042 0.479630 0.579167 0.472222 0.579688 0.464815 0.576042 0.459259 0.568750 0.450926 0.557813 0.446296 0.547917 0.448148 0.538542 0.446296 0.534896 0.443519
23 0.544271 0.824074 0.541667 0.820370 0.538542 0.812037 0.537500 0.802778 0.538542 0.791667 0.539583 0.780556 0.538542 0.770370 0.535937 0.759259 0.533854 0.748148 0.533333 0.739815 0.535937 0.721296 0.541146 0.709259 0.546354 0.703704 0.547396 0.703704 0.553125 0.703704 0.557292 0.708333 0.559896 0.712963 0.559896 0.722222 0.559375 0.730556 0.558333 0.737037 0.559896 0.742593 0.561458 0.749074 0.563542 0.753704 0.566146 0.767593 0.567187 0.776852 0.567187 0.792593 0.564583 0.811111 0.558333 0.822222 0.551042 0.826852
25 0.457292 0.673148 0.460938 0.660185 0.465104 0.650000 0.472396 0.637963 0.476562 0.628704 0.477083 0.621296 0.478125 0.617593 0.476042 0.612037 0.474479 0.607407 0.474479 0.596296 0.475521 0.589815 0.478646 0.590741 0.483333 0.592593 0.488021 0.593519 0.497396 0.593519 0.505208 0.595370 0.509375 0.597222 0.514583 0.601852 0.519271 0.603704 0.520833 0.606481 0.522917 0.611111 0.525521 0.617593 0.523958 0.621296 0.520312 0.627778 0.517188 0.634259 0.515625 0.641667 0.516667 0.649074 0.517188 0.653704 0.485938 0.666667 0.470313 0.673148 0.461979 0.673148
23 0.463542 0.653704 0.456250 0.659259 0.452083 0.655556 0.448958 0.648148 0.447917 0.637037 0.448958 0.624074 0.451562 0.609259 0.455729 0.600000 0.460938 0.596296 0.466667 0.595370 0.472396 0.600000 0.475000 0.607407 0.477083 0.612963 0.478646 0.615741 0.477083 0.620370 0.477083 0.625926 0.475521 0.630556 0.472917 0.638889 0.469271 0.644444 0.465625 0.650000
25 0.208854 0.492593 0.208333 0.514815 0.208333 0.544444 0.208333 0.565741 0.211979 0.571296 0.222396 0.578704 0.232813 0.580556 0.244792 0.577778 0.253125 0.568519 0.252604 0.514815 0.251042 0.481481 0.243750 0.482407 0.239583 0.482407 0.230208 0.481481 0.228125 0.480556 0.222917 0.481481 0.219271 0.484259 0.214583 0.488889
23 0.252083 0.499074 0.253646 0.514815 0.253646 0.533333 0.258333 0.533333 0.264583 0.536111 0.269792 0.541667 0.274479 0.544444 0.281250 0.544444 0.291146 0.547222 0.304167 0.548148 0.309375 0.544444 0.310937 0.539815 0.311458 0.533333 0.310417 0.526852 0.306250 0.520370 0.300000 0.514815 0.292187 0.508333 0.277083 0.502778 0.268750 0.500000 0.259375 0.497222 0.251563 0.494444
25 0.700000 0.701852 0.700000 0.689815 0.704688 0.672222 0.711458 0.650926 0.714583 0.644444 0.720833 0.645370 0.726042 0.643519 0.730208 0.639815 0.732292 0.641667 0.735417 0.641667 0.735938 0.645370 0.735938 0.652778 0.738542 0.662037 0.741146 0.663889 0.742708 0.666667 0.741667 0.670370 0.744792 0.675000 0.747917 0.680556 0.750000 0.684259 0.750000 0.690741 0.750000 0.703704 0.748958 0.717593 0.743750 0.725926 0.735417 0.728704 0.728646 0.729630 0.720833 0.725000 0.714583 0.721296 0.709896 0.717593 0.704688 0.712963 0.702604 0.708333
23 0.742708 0.668519 0.743750 0.673148 0.747917 0.678704 0.750000 0.684259 0.751042 0.693519 0.751042 0.703704 0.751042 0.707407 0.758854 0.714815 0.764062 0.717593 0.770833 0.718519 0.778646 0.720370 0.786979 0.721296 0.791146 0.718519 0.792708 0.711111 0.791146 0.706481 0.784375 0.700000 0.777083 0.689815 0.769792 0.683333 0.762500 0.676852 0.752083 0.669444 0.744792 0.664815
23 0.711458 0.649074 0.704688 0.670370 0.699479 0.690741 0.699479 0.700000 0.698958 0.704630 0.693750 0.707407 0.680729 0.708333 0.673958 0.702778 0.667708 0.694444 0.664583 0.687037 0.661458 0.679630 0.660937 0.673148 0.662500 0.663889 0.667708 0.656481 0.678646 0.659259 0.684896 0.666667 0.691146 0.663889 0.696354 0.654630 0.701562 0.646296 0.708333 0.643519
23 0.800000 0.595370 0.803125 0.588889 0.806771 0.584259 0.809896 0.580556 0.816146 0.577778 0.823438 0.575000 0.831771 0.575000 0.838021 0.576852 0.843750 0.578704 0.855208 0.578704 0.858333 0.575926 0.866667 0.568519 0.873437 0.568519 0.879687 0.573148 0.881250 0.581481 0.878646 0.590741 0.873437 0.599074 0.867188 0.602778 0.857812 0.603704 0.851042 0.603704 0.843750 0.601852 0.838021 0.600000 0.832812 0.600000 0.825000 0.603704 0.817187 0.608333 0.812500 0.611111 0.806250 0.611111 0.803646 0.608333 0.801042 0.602778
23 0.267188 0.172222 0.260417 0.175000 0.256250 0.181481 0.258333 0.191667 0.270833 0.197222 0.289583 0.197222 0.317708 0.190741 0.334375 0.186111 0.338542 0.168519 0.333854 0.162037 0.322396 0.165741 0.300521 0.172222 0.284375 0.173148 0.269792 0.173148