23 0.521875 0.777778 0.518750 0.773148 0.517188 0.766667 0.517188 0.757407 0.517708 0.747222 0.519792 0.741667 0.524479 0.735185 0.526042 0.730556 0.525000 0.722222 0.523958 0.712037 0.523438 0.702778 0.526042 0.692593 0.530208 0.681481 0.534375 0.675000 0.538021 0.671296 0.541146 0.669444 0.544792 0.670370 0.547396 0.675926 0.550521 0.685185 0.550000 0.694444 0.547917 0.703704 0.547396 0.709259 0.547396 0.715741 0.549479 0.732407 0.550000 0.746296 0.547396 0.759259 0.543229 0.770370 0.537500 0.775926 0.529687 0.777778
25 0.464583 0.633333 0.469792 0.623148 0.478646 0.610185 0.484375 0.596296 0.484896 0.586111 0.486458 0.573148 0.488021 0.564815 0.489583 0.563889 0.494271 0.563889 0.496875 0.569444 0.507292 0.574074 0.509375 0.573148 0.512500 0.570370 0.515625 0.566667 0.516146 0.569444 0.517188 0.576852 0.521354 0.579630 0.523958 0.581481 0.529167 0.583333 0.534375 0.584259 0.532813 0.590741 0.529687 0.595370 0.526563 0.600000 0.523438 0.606481 0.523438 0.619444 0.523438 0.625000 0.516146 0.625926 0.492708 0.633333 0.476562 0.634259
23 0.486458 0.572222 0.483333 0.569444 0.478125 0.568519 0.472917 0.568519 0.468750 0.575000 0.467187 0.583333 0.465625 0.591667 0.464583 0.597222 0.465625 0.606481 0.467708 0.616667 0.470833 0.621296 0.478646 0.609259 0.483854 0.597222 0.484375 0.586111
23 0.446875 0.459259 0.443750 0.466667 0.441667 0.477778 0.442188 0.485185 0.443229 0.490741 0.446354 0.498148 0.451042 0.504630 0.459375 0.510185 0.464583 0.512963 0.470833 0.512963 0.478125 0.512963 0.486458 0.512037 0.492708 0.514815 0.499479 0.516667 0.506250 0.520370 0.513542 0.522222 0.520312 0.522222 0.522396 0.514815 0.522396 0.508333 0.519271 0.500926 0.514583 0.495370 0.508854 0.489815 0.502083 0.485185 0.494792 0.482407 0.488021 0.480556 0.482292 0.479630 0.473438 0.477778 0.468750 0.476852 0.464062 0.473148 0.463021 0.472222 0.461979 0.465741 0.459896 0.460185 0.455729 0.457407 0.451042 0.456481
23 0.573958 0.437963 0.576042 0.435185 0.581250 0.430556 0.594792 0.431481 0.600521 0.433333 0.609896 0.439815 0.620833 0.445370 0.629687 0.455556 0.633333 0.463889 0.634896 0.473148 0.633333 0.486111 0.628646 0.493519 0.619792 0.500000 0.613021 0.503704 0.606250 0.500000 0.604167 0.491667 0.607292 0.479630 0.609896 0.473148 0.610938 0.466667 0.606771 0.461111 0.599479 0.457407 0.589583 0.456481 0.583333 0.455556 0.578125 0.453704 0.573958 0.450926 0.572396 0.441667 0.573438 0.439815
25 0.692708 0.697222 0.700521 0.666667 0.704688 0.648148 0.706771 0.642593 0.710938 0.637037 0.714583 0.639815 0.717187 0.644444 0.720833 0.644444 0.722396 0.644444 0.726042 0.641667 0.730729 0.644444 0.731250 0.650000 0.731250 0.659259 0.733854 0.669444 0.739583 0.675926 0.741667 0.683333 0.740625 0.697222 0.737500 0.710185 0.733333 0.721296 0.727604 0.724074 0.723437 0.725926 0.716667 0.727778 0.713542 0.724074 0.710938 0.720370 0.706771 0.718519 0.701042 0.712963 0.698438 0.707407 0.695312 0.701852
23 0.739583 0.671296 0.742708 0.679630 0.743229 0.687963 0.742188 0.701852 0.741146 0.708333 0.745833 0.712963 0.759896 0.720370 0.771875 0.725000 0.779687 0.725926 0.781250 0.722222 0.782292 0.715741 0.782292 0.711111 0.778646 0.703704 0.768750 0.694444 0.754167 0.682407 0.744792 0.674074
23 0.813542 0.622222 0.813542 0.628704 0.817187 0.636111 0.825521 0.637037 0.829688 0.635185 0.838542 0.631481 0.847396 0.631481 0.851042 0.632407 0.868750 0.637037 0.877083 0.637963 0.879167 0.637037 0.884896 0.632407 0.887500 0.629630 0.882812 0.624074 0.877083 0.619444 0.869792 0.616667 0.862500 0.612963 0.857292 0.611111 0.852604 0.608333 0.844792 0.608333 0.838542 0.607407 0.834896 0.608333 0.825521 0.612037 0.817187 0.615741
25 0.254688 0.455556 0.253646 0.475000 0.252604 0.501852 0.252604 0.515741 0.257292 0.522222 0.264583 0.525926 0.277083 0.527778 0.289583 0.525000 0.294792 0.521296 0.294792 0.495370 0.295833 0.448148 0.293229 0.450000 0.287500 0.455556 0.282292 0.455556 0.277083 0.457407 0.268750 0.457407 0.264583 0.457407
23 0.295312 0.462963 0.294792 0.496296 0.298438 0.495370 0.303646 0.495370 0.313021 0.499074 0.319271 0.503704 0.327083 0.506481 0.332813 0.511111 0.340104 0.511111 0.345833 0.510185 0.347917 0.508333 0.348958 0.505556 0.349479 0.500000 0.347396 0.493519 0.343750 0.488889 0.334375 0.479630 0.322396 0.472222 0.313542 0.466667 0.303646 0.463889
25 0.152083 0.946296 0.150521 0.952778 0.148958 0.959259 0.148958 0.967593 0.150521 0.986111 0.151042 0.988889 0.153646 0.988889 0.156771 0.981481 0.160938 0.967593 0.162500 0.959259 0.164062 0.950926 0.161458 0.947222 0.157812 0.946296
25 0.044271 0.988889 0.041667 0.985185 0.041146 0.979630 0.043750 0.970370 0.046875 0.964815 0.052604 0.963889 0.061458 0.971296 0.070312 0.975000 0.077083 0.977778 0.084896 0.977778 0.093750 0.977778 0.103646 0.975926 0.114583 0.975926 0.117708 0.977778 0.125000 0.981481 0.129167 0.988889 0.131250 0.999074 0.061979 0.999074 0.056250 0.996296 0.052083 0.992593 0.050000 0.990741
23 0.353125 0.201852 0.361458 0.209259 0.372917 0.211111 0.387500 0.208333 0.400521 0.205556 0.411458 0.200926 0.418750 0.197222 0.414583 0.177778 0.407292 0.177778 0.396354 0.181481 0.377604 0.179630 0.360938 0.184259 0.351042 0.181481 0.346875 0.186111 0.347396 0.195370