29 0.000000 0.784259 0.002604 0.779630 0.006250 0.779630 0.014063 0.781481 0.020313 0.782407 0.029167 0.784259 0.039583 0.786111 0.051042 0.788889 0.061458 0.790741 0.076042 0.790741 0.092708 0.780556 0.100521 0.761111 0.106771 0.737037 0.115104 0.719444 0.132292 0.705556 0.152604 0.687037 0.170833 0.685185 0.183333 0.681481 0.193750 0.675000 0.201563 0.659259 0.203125 0.647222 0.199479 0.633333 0.194792 0.623148 0.187500 0.610185 0.183333 0.601852 0.184896 0.595370 0.190104 0.589815 0.194792 0.587037 0.204687 0.561111 0.197917 0.557407 0.194271 0.557407 0.186458 0.559259 0.178646 0.563889 0.170833 0.567593 0.164062 0.568519 0.158333 0.568519 0.153646 0.559259 0.147396 0.537963 0.145833 0.517593 0.151042 0.500000 0.164062 0.485185 0.188021 0.457407 0.210938 0.439815 0.234896 0.418519 0.247396 0.411111 0.260937 0.404630 0.268229 0.397222 0.273958 0.385185 0.279687 0.374074 0.285417 0.360185 0.285417 0.352778 0.281250 0.349074 0.275000 0.348148 0.258333 0.359259 0.246875 0.372222 0.239583 0.379630 0.228125 0.388889 0.211979 0.397222 0.202083 0.414815 0.192708 0.430556 0.182292 0.440741 0.176042 0.451852 0.172396 0.455556 0.170313 0.454630 0.169271 0.450926 0.170313 0.442593 0.176042 0.433333 0.189583 0.412037 0.200521 0.382407 0.213542 0.339815 0.222396 0.312037 0.217188 0.301852 0.214062 0.301852 0.208333 0.306481 0.202083 0.317593 0.192188 0.350926 0.175000 0.362037 0.158854 0.377778 0.136979 0.393519 0.132292 0.401852 0.116146 0.406481 0.104167 0.412963 0.102083 0.417593 0.102604 0.429630 0.104688 0.448148 0.098437 0.461111 0.090625 0.466667 0.079167 0.469444 0.069271 0.462963 0.051042 0.461111 0.038542 0.466667 0.030208 0.479630 0.030729 0.492593 0.030729 0.500000 0.025000 0.503704 0.016146 0.504630 0.011458 0.510185 0.008854 0.519444 0.004167 0.523148 0.001042 0.522222
24 0.275000 0.425926 0.269792 0.414815 0.267188 0.405556 0.267188 0.397222 0.268750 0.390741 0.272917 0.390741 0.275000 0.393519 0.276042 0.393519 0.277083 0.388889 0.277083 0.381481 0.278646 0.376852 0.278646 0.368519 0.278646 0.362037 0.280208 0.358333 0.280208 0.352778 0.280729 0.348148 0.284375 0.348148 0.286979 0.352778 0.289583 0.361111 0.292187 0.360185 0.293750 0.351852 0.294792 0.347222 0.297396 0.344444 0.298438 0.344444 0.300000 0.349074 0.300521 0.355556 0.300521 0.363889 0.300000 0.370370 0.300521 0.377778 0.302083 0.382407 0.307292 0.386111 0.309896 0.388889 0.312500 0.391667 0.313542 0.398148 0.314583 0.408333 0.312500 0.414815 0.311458 0.422222 0.309896 0.426852 0.308333 0.428704 0.302083 0.428704 0.298958 0.427778 0.294792 0.427778 0.292187 0.428704 0.287500 0.428704 0.284896 0.426852 0.283333 0.425926 0.281250 0.425926 0.278125 0.427778
23 0.256771 0.170370 0.260937 0.166667 0.269271 0.163889 0.282292 0.165741 0.291146 0.168519 0.301042 0.170370 0.306771 0.173148 0.313021 0.175926 0.326042 0.180556 0.331250 0.183333 0.335417 0.186111 0.338021 0.189815 0.339062 0.194444 0.336979 0.204630 0.331250 0.209259 0.322396 0.206481 0.312500 0.200000 0.301042 0.194444 0.290104 0.191667 0.278646 0.187037 0.262500 0.179630 0.256250 0.173148
23 0.536979 0.183333 0.532292 0.190741 0.540104 0.212963 0.547396 0.221296 0.554167 0.232407 0.564063 0.247222 0.572396 0.248148 0.576042 0.238889 0.571354 0.219444 0.560417 0.202778 0.546354 0.188889 0.537500 0.181481
25 0.400000 0.208333 0.396875 0.207407 0.394792 0.203704 0.393750 0.199074 0.393750 0.192593 0.397917 0.187963 0.403125 0.185185 0.407813 0.178704 0.411458 0.168519 0.414583 0.159259 0.420833 0.153704 0.432292 0.146296 0.440104 0.139815 0.450000 0.135185 0.455729 0.130556 0.458333 0.130556 0.463021 0.137037 0.464583 0.144444 0.464583 0.150926 0.465104 0.160185 0.463021 0.171296 0.456771 0.179630 0.445833 0.184259 0.441146 0.185185 0.434375 0.185185 0.431250 0.186111 0.422917 0.194444 0.419792 0.197222 0.414062 0.202778 0.410938 0.205556 0.406250 0.208333 0.401562 0.211111
33 0.723958 0.381481 0.713021 0.376852 0.702604 0.370370 0.697917 0.355556 0.700000 0.338889 0.704688 0.328704 0.710417 0.324074 0.730729 0.335185 0.751042 0.350926 0.776042 0.362963 0.791146 0.373148 0.792188 0.381481 0.790104 0.395370 0.787500 0.403704 0.777604 0.399074 0.764583 0.393519 0.757292 0.390741 0.752083 0.390741 0.751042 0.385185 0.751042 0.376852 0.748437 0.365741 0.744271 0.361111 0.740104 0.360185 0.734896 0.362037 0.732292 0.365741 0.728646 0.371296 0.726562 0.379630
23 0.726042 0.381481 0.728646 0.375000 0.730208 0.369444 0.732292 0.365741 0.735938 0.362037 0.740104 0.362037 0.743750 0.362037 0.745833 0.363889 0.747396 0.366667 0.749479 0.371296 0.751563 0.383333 0.751042 0.388889 0.750000 0.395370 0.747917 0.401852 0.743750 0.406481 0.738542 0.407407 0.733333 0.404630 0.729688 0.400000 0.727083 0.394444 0.726562 0.388889
22 0.413021 0.211111 0.415625 0.203704 0.423438 0.191667 0.428646 0.183333 0.437500 0.179630 0.444792 0.183333 0.449479 0.189815 0.452604 0.192593 0.453646 0.200000 0.451562 0.208333 0.444792 0.215741 0.434896 0.221296 0.427604 0.217593 0.421875 0.214815 0.416146 0.215741
23 0.088021 0.611111 0.081250 0.604630 0.078125 0.588889 0.076563 0.578704 0.078646 0.568519 0.085938 0.559259 0.095312 0.557407 0.103125 0.562963 0.109375 0.576852 0.109896 0.597222 0.104167 0.608333 0.096875 0.611111
23 0.131771 0.597222 0.123958 0.595370 0.119792 0.581481 0.119271 0.563889 0.123438 0.546296 0.131250 0.542593 0.141146 0.546296 0.148438 0.560185 0.150521 0.577778 0.144271 0.588889 0.134375 0.597222
23 0.092188 0.541667 0.083854 0.535185 0.082812 0.519444 0.089583 0.506481 0.099479 0.505556 0.107292 0.514815 0.108333 0.530556 0.102604 0.540741
23 0.581250 0.090741 0.595313 0.098148 0.607292 0.096296 0.605208 0.083333 0.588542 0.069444 0.573958 0.058333 0.563542 0.055556 0.557292 0.062037 0.559375 0.073148 0.569792 0.081481