30 0.433333 0.452778 0.450000 0.462037 0.458854 0.461111 0.473438 0.461111 0.481771 0.457407 0.489063 0.446296 0.479167 0.428704 0.469271 0.408333 0.463542 0.396296 0.454167 0.392593 0.443229 0.390741 0.432292 0.401852 0.425000 0.416667
30 0.473438 0.486111 0.482292 0.503704 0.489063 0.522222 0.497396 0.528704 0.498958 0.507407 0.495833 0.488889 0.492188 0.470370 0.483854 0.459259 0.476042 0.461111
30 0.686458 0.519444 0.662500 0.502778 0.641146 0.505556 0.635417 0.517593 0.636979 0.532407 0.642188 0.535185 0.657813 0.537037 0.670312 0.532407
30 0.733854 0.725926 0.727083 0.753704 0.722917 0.765741 0.716146 0.779630 0.706250 0.787963 0.689583 0.786111 0.684896 0.762037 0.693229 0.741667 0.703646 0.736111 0.718750 0.719444
30 0.788542 0.659259 0.773958 0.660185 0.759896 0.662963 0.752083 0.668519 0.743750 0.675000 0.741146 0.682407 0.750521 0.701852 0.758854 0.701852 0.778646 0.690741 0.784896 0.684259
30 0.500000 0.755556 0.523438 0.766667 0.539583 0.775000 0.535937 0.753704 0.527604 0.746296 0.520833 0.736111 0.504167 0.711111 0.494271 0.703704 0.486458 0.704630 0.484896 0.712963 0.483854 0.731481 0.488542 0.741667
30 0.413021 0.744444 0.408333 0.761111 0.400000 0.771296 0.380729 0.789815 0.370833 0.790741 0.367188 0.785185 0.368750 0.767593 0.371354 0.755556 0.389583 0.744444 0.401042 0.740741
31 0.628646 0.603704 0.659896 0.633333 0.680729 0.658333 0.704688 0.675000 0.735938 0.695370 0.747917 0.718519 0.755729 0.745370 0.789062 0.828704 0.798438 0.859259 0.803646 0.901852 0.762500 0.883333 0.734896 0.886111 0.717187 0.900000 0.688542 0.902778 0.639583 0.875926 0.631250 0.875926 0.595833 0.871296 0.581250 0.869444 0.556250 0.862037 0.527604 0.852778 0.496354 0.851852 0.475000 0.881481 0.462500 0.896296 0.431250 0.868519 0.412500 0.844444 0.372396 0.829630 0.350521 0.864815 0.330208 0.950926 0.328125 0.975000 0.361979 0.932407 0.370833 0.915741 0.394792 0.886111 0.405729 0.886111 0.431250 0.914815 0.439583 0.954630 0.447396 0.984259 0.448437 0.996296 0.873437 0.997222 0.862500 0.952778 0.856250 0.930556 0.845833 0.891667 0.827604 0.830556 0.811458 0.792593 0.788021 0.738889 0.775521 0.709259 0.746354 0.682407 0.737500 0.658333 0.732292 0.644444 0.712500 0.620370 0.663542 0.586111 0.641146 0.562037 0.624479 0.537963 0.612500 0.555556
31 0.046354 0.601852 0.069792 0.571296 0.101042 0.537037 0.096354 0.497222 0.101562 0.477778 0.120833 0.441667 0.156250 0.436111 0.169792 0.440741 0.182292 0.445370 0.205729 0.414815 0.223438 0.399074 0.254167 0.412963 0.246875 0.462963 0.261979 0.475000 0.278646 0.463889 0.297396 0.449074 0.320312 0.424074 0.343750 0.385185 0.370833 0.354630 0.391146 0.340741 0.453125 0.308333 0.478125 0.300926 0.526042 0.288889 0.554167 0.287037 0.611979 0.303704 0.696354 0.315741 0.746354 0.327778 0.789583 0.332407 0.818229 0.330556 0.856250 0.312963 0.938542 0.297222 0.975521 0.297222 0.960417 0.229630 0.928646 0.208333 0.836458 0.211111 0.819792 0.205556 0.804688 0.205556 0.723437 0.195370 0.654687 0.190741 0.601042 0.179630 0.554167 0.143519 0.501563 0.099074 0.480729 0.092593 0.458333 0.126852 0.496875 0.173148 0.505729 0.183333 0.483333 0.189815 0.422917 0.201852 0.398958 0.205556 0.328646 0.215741 0.303646 0.222222 0.279687 0.234259 0.244792 0.279630 0.267188 0.212037 0.283333 0.179630 0.302083 0.117593 0.306250 0.089815 0.300521 0.048148 0.283333 0.041667 0.265104 0.108333 0.257292 0.124074 0.244271 0.158333 0.195833 0.273148 0.177083 0.313889 0.152083 0.348148 0.121354 0.400000 0.093750 0.428704 0.053646 0.436111 0.021875 0.441667 0.000000 0.437037 0.002083 0.601852 0.000000 0.693519 0.028125 0.664815 0.045312 0.652778 0.051042 0.662037 0.073958 0.637037 0.065625 0.624074
31 0.377083 0.386111 0.402083 0.448148 0.428125 0.475926 0.453646 0.494444 0.470833 0.520370 0.488542 0.542593 0.508333 0.559259 0.530208 0.557407 0.560937 0.554630 0.592708 0.539815 0.610938 0.532407 0.609375 0.568519 0.597917 0.590741 0.566146 0.608333 0.545833 0.625926 0.541667 0.669444 0.529687 0.679630 0.507292 0.675000 0.501563 0.644444 0.496875 0.600926 0.472396 0.600000 0.445833 0.578704 0.400000 0.522222 0.389583 0.507407 0.375521 0.492593 0.343750 0.475000 0.340104 0.428704 0.348438 0.406481
31 0.703125 0.413889 0.688542 0.414815 0.675521 0.425926 0.671354 0.440741 0.681250 0.475926 0.689583 0.497222 0.689583 0.517593 0.668229 0.551852 0.679688 0.575000 0.708333 0.555556 0.715625 0.535185 0.735417 0.526852 0.748437 0.529630 0.750521 0.520370 0.738021 0.473148 0.729688 0.444444
31 0.034896 0.714815 0.055729 0.728704 0.054688 0.757407 0.057813 0.785185 0.064583 0.800000 0.057813 0.828704 0.054688 0.862037 0.086458 0.897222 0.096354 0.913889 0.097396 0.932407 0.120833 0.935185 0.141667 0.919444 0.159896 0.967593 0.167187 0.999074 0.141667 0.999074 0.000521 0.995370 0.000000 0.846296 0.008333 0.800000 0.016146 0.780556
30 0.823958 0.401852 0.804688 0.398148 0.789583 0.378704 0.782813 0.348148 0.788542 0.333333 0.804688 0.336111 0.816146 0.351852 0.823958 0.381481
30 0.218750 0.529630 0.211979 0.534259 0.206771 0.534259 0.198958 0.532407 0.195833 0.512963 0.198437 0.493519 0.206771 0.484259 0.217188 0.479630 0.227604 0.487037 0.228646 0.501852 0.227083 0.518519
30 0.104688 0.793519 0.088542 0.806481 0.070833 0.806481 0.064583 0.794444 0.083333 0.763889 0.108333 0.750926 0.122396 0.761111 0.109896 0.786111