25 0.187500 0.488889 0.189583 0.516667 0.207813 0.568519 0.242188 0.633333 0.281771 0.675000 0.303646 0.719444 0.323958 0.770370 0.345313 0.770370 0.355729 0.746296 0.339062 0.708333 0.320833 0.652778 0.314583 0.607407 0.303125 0.566667 0.268750 0.484259 0.250521 0.444444 0.235417 0.428704 0.213542 0.437037 0.210938 0.455556 0.191667 0.468519
23 0.060937 0.324074 0.085938 0.304630 0.118750 0.301852 0.141667 0.278704 0.143229 0.256481 0.120313 0.252778 0.092188 0.260185 0.063021 0.271296 0.042708 0.293519 0.038542 0.311111 0.043750 0.328704
24 0.835938 0.777778 0.820312 0.784259 0.811979 0.815741 0.809896 0.857407 0.810417 0.917593 0.825000 0.944444 0.858333 0.955556 0.902604 0.958333 0.913542 0.916667 0.933333 0.890741 0.964583 0.862037 0.976562 0.820370 0.967708 0.798148 0.952604 0.825926 0.956771 0.775926 0.948438 0.738889 0.938021 0.732407 0.926562 0.754630 0.904687 0.775000 0.898438 0.753704 0.904167 0.711111 0.889583 0.711111 0.866146 0.725926 0.853646 0.744444 0.843229 0.757407
1 0.070312 0.449074 0.063021 0.501852 0.058333 0.559259 0.067708 0.581481 0.092708 0.574074 0.125000 0.528704 0.126042 0.481481 0.118750 0.437037 0.098437 0.433333 0.082812 0.437037
25 0.102083 0.415741 0.059896 0.466667 0.000000 0.523148 0.000000 0.425000 0.021354 0.404630 0.063542 0.372222 0.088542 0.362963 0.105208 0.390741
30 0.676042 0.250926 0.660937 0.255556 0.653125 0.287963 0.633854 0.350926 0.616667 0.424074 0.597396 0.502778 0.579688 0.577778 0.567187 0.614815 0.550000 0.657407 0.541146 0.712963 0.528125 0.765741 0.513021 0.820370 0.494792 0.901852 0.477083 0.992593 0.482292 0.999074 0.519271 0.999074 0.552604 0.960185 0.595833 0.916667 0.630729 0.868519 0.647917 0.775000 0.663542 0.675000 0.683333 0.579630 0.692708 0.502778 0.702083 0.438889 0.705729 0.356481 0.706771 0.290741 0.695312 0.262037 0.682292 0.274074
23 0.887500 0.563889 0.875521 0.587037 0.872396 0.617593 0.884375 0.642593 0.908333 0.646296 0.924479 0.627778 0.922396 0.591667 0.907292 0.566667 0.893229 0.562037
31 0.837500 0.566667 0.813542 0.570370 0.783854 0.545370 0.772396 0.555556 0.764583 0.582407 0.791667 0.606481 0.833333 0.616667 0.879167 0.608333 0.929688 0.583333 0.961458 0.583333 0.999479 0.594444 0.999479 0.401852 0.979688 0.362037 0.945833 0.312963 0.913021 0.281481 0.902604 0.279630 0.897917 0.296296 0.930208 0.332407 0.961458 0.375000 0.987500 0.425926 0.999479 0.440741 0.999479 0.553704 0.977083 0.541667 0.921354 0.541667 0.877083 0.555556
31 0.535937 0.328704 0.570833 0.381481 0.611458 0.441667 0.623437 0.406481 0.590104 0.356481 0.560937 0.303704 0.545833 0.250926 0.533333 0.270370 0.526563 0.305556
31 0.494792 0.544444 0.548438 0.548148 0.588542 0.544444 0.596354 0.502778 0.542188 0.492593 0.483333 0.491667 0.438542 0.500000 0.431771 0.533333
31 0.445833 0.372222 0.489583 0.374074 0.540104 0.363889 0.590104 0.342593 0.627604 0.311111 0.633333 0.281481 0.605208 0.286111 0.555208 0.316667 0.498958 0.328704 0.452604 0.342593 0.416146 0.340741 0.382292 0.365741 0.385937 0.383333