30 0.651563 0.211111 0.635938 0.258333 0.618229 0.353704 0.598437 0.435185 0.581771 0.500000 0.569271 0.569444 0.544792 0.643519 0.526042 0.726852 0.503646 0.830556 0.490625 0.887037 0.489583 0.977778 0.517708 0.954630 0.588542 0.888889 0.625521 0.836111 0.634896 0.722222 0.642708 0.635185 0.670833 0.548148 0.681250 0.470370 0.683854 0.403704 0.695312 0.322222 0.692708 0.233333 0.679688 0.206481 0.672396 0.223148 0.659375 0.203704
25 0.176042 0.465741 0.178125 0.494444 0.196354 0.546296 0.231250 0.611111 0.270313 0.652778 0.297396 0.687963 0.325000 0.735185 0.342708 0.735185 0.348438 0.718519 0.334375 0.682407 0.309375 0.630556 0.303125 0.584259 0.291667 0.544444 0.257292 0.462037 0.239063 0.422222 0.223958 0.406481 0.202083 0.414815 0.200000 0.433333 0.180208 0.446296
23 0.024479 0.325000 0.048958 0.306481 0.081771 0.302778 0.104688 0.279630 0.106250 0.257407 0.083333 0.252778 0.055208 0.262037 0.026042 0.273148 0.006250 0.294444 0.002083 0.312963 0.007292 0.330556
24 0.826042 0.700000 0.810937 0.706481 0.802083 0.737963 0.800521 0.779630 0.801042 0.839815 0.815104 0.866667 0.848958 0.877778 0.893229 0.880556 0.904167 0.838889 0.923438 0.812963 0.954688 0.784259 0.967187 0.742593 0.958333 0.720370 0.943229 0.748148 0.947396 0.698148 0.939063 0.661111 0.928646 0.654630 0.917188 0.676852 0.895312 0.697222 0.888542 0.675926 0.894792 0.633333 0.880208 0.633333 0.856250 0.648148 0.843750 0.666667 0.833333 0.679630
1 0.054688 0.449074 0.047396 0.501852 0.042708 0.559259 0.052083 0.581481 0.077083 0.574074 0.108854 0.528704 0.109896 0.481481 0.102604 0.437037 0.082812 0.433333 0.066667 0.437037
25 0.101562 0.395370 0.059896 0.446296 0.000000 0.502778 0.000000 0.404630 0.020833 0.384259 0.062500 0.351852 0.088021 0.342593 0.104688 0.369444
23 0.867188 0.501852 0.858854 0.528704 0.858854 0.558333 0.875521 0.575926 0.899479 0.574074 0.906771 0.543519 0.898438 0.512037 0.883333 0.497222
31 0.795833 0.508333 0.777083 0.508333 0.764583 0.485185 0.751563 0.492593 0.744271 0.523148 0.762500 0.539815 0.801042 0.546296 0.849479 0.537963 0.908333 0.515741 0.951562 0.516667 0.982292 0.535185 0.992188 0.517593 0.999479 0.497222 0.999479 0.395370 0.981250 0.356481 0.959896 0.316667 0.948958 0.296296 0.935937 0.279630 0.906250 0.247222 0.880208 0.229630 0.873958 0.261111 0.905729 0.284259 0.938542 0.324074 0.962500 0.361111 0.979688 0.397222 0.985938 0.435185 0.983333 0.475000 0.977083 0.482407 0.951042 0.475000 0.910937 0.481481 0.870833 0.490741 0.843229 0.501852 0.816146 0.508333
31 0.431771 0.337963 0.461458 0.342593 0.504687 0.340741 0.538542 0.324074 0.575521 0.297222 0.609375 0.270370 0.619792 0.239815 0.597396 0.233333 0.548438 0.274074 0.506250 0.290741 0.458854 0.300926 0.405729 0.310185 0.358333 0.336111 0.343750 0.365741 0.395833 0.348148
31 0.483333 0.509259 0.529687 0.507407 0.578125 0.503704 0.588542 0.471296 0.547396 0.463889 0.498437 0.461111 0.453125 0.456481 0.431771 0.457407 0.438021 0.490741
31 0.554167 0.345370 0.602083 0.415741 0.613542 0.372222 0.588542 0.345370 0.559896 0.303704 0.525000 0.252778 0.516667 0.226852 0.502083 0.259259 0.508854 0.292593