30 0.552604 0.550926 0.548958 0.570370 0.545312 0.599074 0.549479 0.622222 0.557813 0.666667 0.565625 0.702778 0.588021 0.713889 0.597396 0.701852 0.600521 0.674074 0.601042 0.644444 0.596354 0.629630 0.591146 0.600000 0.590625 0.558333 0.582292 0.540741 0.567708 0.536111
29 0.415625 0.705556 0.424479 0.696296 0.432812 0.698148 0.434896 0.712037 0.426563 0.763889 0.425521 0.791667 0.421875 0.820370 0.417187 0.866667 0.414583 0.918519 0.417708 0.960185 0.413542 0.997222 0.382292 0.997222 0.382292 0.969444 0.396354 0.892593 0.405208 0.798148 0.414583 0.719444
23 0.653646 0.824074 0.650521 0.839815 0.655208 0.851852 0.665104 0.858333 0.672917 0.850000 0.675000 0.836111 0.670833 0.822222 0.663021 0.819444
23 0.642708 0.782407 0.640104 0.795370 0.640104 0.795370 0.651042 0.812037 0.659896 0.810185 0.663542 0.797222 0.661458 0.787037 0.653125 0.779630
23 0.566667 0.797222 0.563542 0.814815 0.569792 0.829630 0.580729 0.818519 0.581771 0.807407 0.573438 0.799074
23 0.218750 0.964815 0.216146 0.945370 0.221875 0.932407 0.234375 0.923148 0.245312 0.925000 0.252604 0.939815 0.244792 0.960185 0.231250 0.965741
23 0.507812 0.783333 0.516146 0.780556 0.519792 0.769444 0.517188 0.752778 0.511458 0.743519 0.504687 0.742593 0.500000 0.750000 0.498958 0.763889 0.501042 0.775000
23 0.186979 0.744444 0.182812 0.750926 0.178125 0.746296 0.177083 0.736111 0.179167 0.726852 0.184896 0.720370 0.191146 0.722222 0.193750 0.728704
23 0.234896 0.652778 0.230729 0.654630 0.228646 0.659259 0.227604 0.669444 0.231250 0.673148 0.235937 0.666667 0.238542 0.660185 0.238021 0.654630
23 0.334896 0.762037 0.332292 0.766667 0.329688 0.775926 0.330729 0.787037 0.335938 0.783333 0.342708 0.774074 0.344792 0.766667 0.342708 0.759259 0.338542 0.757407
23 0.337500 0.531481 0.332292 0.537037 0.327604 0.535185 0.327604 0.521296 0.332292 0.511111 0.338542 0.507407 0.343750 0.511111 0.342708 0.521296
23 0.270833 0.725926 0.272396 0.740741 0.276042 0.745370 0.280208 0.740741 0.280208 0.725000 0.277083 0.714815 0.271875 0.714815 0.269792 0.718519