24 0.354167 0.639815 0.304688 0.700926 0.244792 0.719444 0.251042 0.763889 0.311979 0.824074 0.391146 0.858333 0.437500 0.820370 0.466667 0.792593 0.477083 0.746296 0.453125 0.696296 0.420833 0.658333 0.391146 0.641667 0.377083 0.628704 0.360938 0.648148 0.351042 0.653704
23 0.460938 0.801852 0.446875 0.828704 0.459896 0.865741 0.478646 0.859259 0.485938 0.848148 0.488542 0.820370 0.482292 0.802778
23 0.275521 0.338889 0.318229 0.362963 0.365104 0.381481 0.399479 0.395370 0.406250 0.377778 0.375000 0.363889 0.353646 0.344444 0.327604 0.330556 0.298438 0.333333 0.271875 0.326852
23 0.540104 0.571296 0.538021 0.592593 0.550000 0.606481 0.564063 0.599074 0.571875 0.573148 0.559896 0.555556 0.551042 0.556481
23 0.504687 0.210185 0.490625 0.195370 0.488542 0.175000 0.508333 0.163889 0.514062 0.177778 0.511458 0.199074
23 0.567708 0.215741 0.554688 0.200926 0.552083 0.185185 0.566146 0.179630 0.573438 0.189815 0.576042 0.206481
23 0.668750 0.656481 0.656250 0.685185 0.637500 0.675926 0.629167 0.642593 0.634896 0.611111 0.646354 0.597222 0.659896 0.592593 0.669271 0.606481 0.672396 0.637037 0.663542 0.663889
23 0.737500 0.959259 0.718750 0.951852 0.706250 0.926852 0.714583 0.904630 0.727083 0.911111 0.732292 0.925926
31 0.747396 0.988889 0.700000 0.793519 0.645833 0.597222 0.596875 0.433333 0.567187 0.336111 0.525000 0.185185 0.476042 0.001852 0.504687 0.000000 0.526042 0.070370 0.554167 0.187037 0.598437 0.358333 0.640625 0.489815 0.683854 0.639815 0.715625 0.734259 0.740625 0.859259 0.762500 0.947222 0.782292 0.990741
23 0.101042 0.482407 0.094792 0.501852 0.096354 0.522222 0.103646 0.535185 0.112500 0.527778 0.115104 0.502778 0.113021 0.482407
23 0.673438 0.182407 0.658333 0.180556 0.651563 0.180556 0.645833 0.192593 0.645312 0.206481 0.658333 0.212963 0.682292 0.219444 0.697396 0.201852 0.706771 0.173148 0.705729 0.152778 0.698958 0.145370 0.693750 0.150000 0.687500 0.173148