30 0.156250 0.237037 0.180208 0.284259 0.202604 0.363889 0.235937 0.443519 0.268750 0.506481 0.320833 0.617593 0.375521 0.612963 0.398438 0.567593 0.395313 0.530556 0.370833 0.479630 0.302604 0.355556 0.253646 0.281481 0.184375 0.228704 0.165104 0.222222
23 0.883333 0.762037 0.875521 0.788889 0.859896 0.800000 0.851042 0.779630 0.848437 0.751852 0.862500 0.727778 0.872396 0.735185
23 0.441667 0.640741 0.433333 0.657407 0.422396 0.657407 0.412500 0.644444 0.414062 0.628704 0.423438 0.608333 0.435937 0.609259 0.441146 0.619444
31 0.792188 0.987963 0.847917 0.904630 0.925000 0.767593 0.994792 0.643519 0.998437 0.586111 0.978646 0.632407 0.938542 0.704630 0.880729 0.796296 0.819271 0.903704 0.783333 0.959259 0.758333 0.996296
31 0.019792 0.404630 0.064062 0.389815 0.103646 0.423148 0.137500 0.457407 0.167187 0.499074 0.190104 0.575000 0.197396 0.650926 0.182812 0.703704 0.175000 0.730556 0.185938 0.775000 0.200521 0.794444 0.206250 0.800000 0.200000 0.824074 0.191146 0.832407 0.151042 0.873148 0.128646 0.892593 0.109375 0.906481 0.068750 0.917593 0.038542 0.890741 0.027083 0.870370 0.016667 0.857407 0.008854 0.858333 0.003646 0.866667 0.007812 0.884259 0.027083 0.900000 0.047917 0.935185 0.069271 0.933333 0.109375 0.922222 0.132292 0.921296 0.163021 0.924074 0.184375 0.941667 0.203125 0.898148 0.207813 0.868519 0.214062 0.819444 0.220833 0.790741 0.214583 0.775926 0.198958 0.758333 0.193750 0.739815 0.197396 0.718519 0.204687 0.683333 0.209896 0.649074 0.207813 0.600000 0.200521 0.560185 0.196354 0.531481 0.177083 0.481481 0.155729 0.446296 0.112500 0.399074 0.086979 0.375000 0.053125 0.370370 0.034375 0.384259 0.020833 0.386111 0.018750 0.395370
23 0.178646 0.770370 0.169792 0.779630 0.160938 0.779630 0.157292 0.770370 0.157292 0.751852 0.158333 0.738889 0.162500 0.728704 0.170313 0.727778 0.177083 0.735185 0.179167 0.748148
23 0.103646 0.247222 0.083854 0.250926 0.077604 0.238889 0.075000 0.215741 0.077083 0.197222 0.081771 0.194444 0.091146 0.190741 0.094792 0.190741 0.101042 0.208333 0.102604 0.230556
23 0.551042 0.282407 0.537500 0.288889 0.530208 0.278704 0.527604 0.256481 0.531771 0.243519 0.543750 0.240741 0.554688 0.250000 0.558333 0.268519
23 0.166146 0.366667 0.169271 0.388889 0.182292 0.397222 0.192708 0.390741 0.197917 0.370370 0.191146 0.353704 0.180729 0.351852 0.169792 0.357407
23 0.128646 0.468519 0.125000 0.481481 0.129167 0.498148 0.142187 0.517593 0.152604 0.527778 0.164062 0.514815 0.163021 0.488889 0.158333 0.470370 0.147396 0.459259 0.135937 0.459259
23 0.538542 0.814815 0.512500 0.790741 0.493750 0.801852 0.492188 0.836111 0.510417 0.862037 0.551562 0.863889 0.591146 0.893519 0.633333 0.890741 0.660417 0.868519 0.664583 0.781481 0.648438 0.766667 0.633854 0.765741 0.630729 0.824074 0.604167 0.829630 0.562500 0.824074