23 0.255729 0.406481 0.257292 0.431481 0.251563 0.445370 0.243750 0.459259 0.228646 0.459259 0.221875 0.446296 0.217188 0.429630 0.214583 0.408333 0.224479 0.391667 0.239583 0.388889 0.251563 0.391667
23 0.238542 0.330556 0.229687 0.337037 0.220833 0.342593 0.213542 0.341667 0.206771 0.325926 0.205729 0.305556 0.215625 0.284259 0.232813 0.283333 0.241146 0.295370 0.241667 0.314815
23 0.267188 0.120370 0.272396 0.139815 0.265104 0.155556 0.251563 0.168519 0.240104 0.173148 0.231771 0.162037 0.232813 0.141667 0.236979 0.123148 0.247396 0.112963
23 0.311979 0.469444 0.316146 0.488889 0.316146 0.508333 0.308854 0.523148 0.299479 0.525926 0.288021 0.518519 0.282292 0.505556 0.279687 0.490741 0.281771 0.472222 0.297396 0.458333 0.307812 0.462963
23 0.416146 0.392593 0.411458 0.412963 0.403125 0.423148 0.387500 0.421296 0.375521 0.410185 0.369792 0.384259 0.379688 0.359259 0.396875 0.346296 0.408333 0.350926 0.417708 0.366667
23 0.408333 0.480556 0.409375 0.506481 0.400000 0.522222 0.382292 0.521296 0.365104 0.507407 0.354687 0.481481 0.356771 0.455556 0.374479 0.437037 0.399479 0.450000 0.410938 0.466667
23 0.380729 0.106481 0.377604 0.128704 0.380208 0.146296 0.393750 0.157407 0.400000 0.151852 0.402604 0.137037 0.401042 0.125926 0.392188 0.106481
23 0.390104 0.168519 0.386458 0.179630 0.386979 0.203704 0.392708 0.215741 0.400000 0.218519 0.412500 0.209259 0.413542 0.192593 0.409375 0.182407 0.403125 0.168519 0.398438 0.166667
23 0.401042 0.223148 0.398438 0.244444 0.400000 0.275000 0.416146 0.283333 0.428646 0.279630 0.429167 0.254630 0.426042 0.237037 0.417187 0.222222 0.412500 0.222222
23 0.411979 0.294444 0.405208 0.295370 0.397396 0.309259 0.398438 0.328704 0.406250 0.342593 0.420833 0.349074 0.429688 0.339815 0.430729 0.308333 0.419792 0.297222
44 0.517188 0.660185 0.471875 0.646296 0.447396 0.620370 0.415625 0.567593 0.406250 0.539815 0.408854 0.479630 0.419271 0.461111 0.441667 0.441667 0.478125 0.437037 0.518750 0.439815 0.551042 0.439815 0.558854 0.448148 0.552083 0.458333 0.533854 0.454630 0.508333 0.457407 0.475521 0.462037 0.433854 0.460185 0.426042 0.481481 0.420833 0.514815 0.416667 0.537963 0.432292 0.567593 0.455208 0.600926 0.473438 0.617593 0.495833 0.631481 0.525521 0.637963 0.545312 0.641667 0.557292 0.662963 0.548958 0.670370 0.535937 0.666667
23 0.698438 0.925000 0.689583 0.950926 0.693750 0.977778 0.702604 0.996296 0.728125 0.997222 0.741667 0.990741 0.747396 0.968519 0.745833 0.946296 0.738021 0.925926 0.723437 0.912963 0.711458 0.910185 0.707292 0.912037 0.699479 0.916667
31 0.514583 0.500000 0.533333 0.502778 0.566146 0.519444 0.595833 0.519444 0.634375 0.510185 0.691667 0.490741 0.731250 0.506481 0.758854 0.522222 0.802083 0.557407 0.839583 0.588889 0.880208 0.638889 0.917188 0.695370 0.951042 0.751852 0.975000 0.813889 0.967187 0.816667 0.946354 0.773148 0.913542 0.714815 0.872396 0.644444 0.825000 0.592593 0.769271 0.546296 0.733333 0.517593 0.695833 0.502778 0.641146 0.521296 0.600000 0.533333 0.564063 0.538889 0.532292 0.522222 0.510417 0.512963
23 0.988021 0.945370 0.978646 0.950926 0.975000 0.974074 0.978125 0.987037 0.987500 0.990741 0.997396 0.984259 0.998437 0.959259 0.995833 0.945370