23 0.141146 0.062037 0.127083 0.066667 0.114062 0.051852 0.120833 0.024074 0.134896 0.013889 0.143229 0.018519 0.147917 0.038889 0.147396 0.051852
23 0.110937 0.081481 0.106771 0.103704 0.104688 0.135185 0.108854 0.150000 0.123438 0.158333 0.148438 0.148148 0.155729 0.120370 0.152604 0.097222 0.147396 0.075000 0.130208 0.068519 0.115104 0.070370
23 0.138021 0.159259 0.133333 0.174074 0.131250 0.201852 0.145833 0.232407 0.165625 0.235185 0.184896 0.219444 0.190104 0.189815 0.187500 0.154630 0.177083 0.124074 0.164583 0.125926 0.147396 0.141667 0.143229 0.157407
23 0.144792 0.245370 0.129688 0.263889 0.123958 0.294444 0.133333 0.308333 0.157292 0.279630 0.170313 0.250926 0.153125 0.241667
23 0.052083 0.214815 0.042708 0.244444 0.051042 0.267593 0.067187 0.277778 0.080729 0.262037 0.075000 0.227778 0.069792 0.214815
23 0.040625 0.046296 0.022396 0.059259 0.008333 0.075000 0.000000 0.059259 0.003646 0.033333 0.016146 0.012963 0.031250 0.006481 0.039583 0.022222
23 0.018750 0.271296 0.006771 0.302778 0.013542 0.341667 0.027083 0.364815 0.051042 0.354630 0.060937 0.329630 0.057292 0.298148 0.043229 0.273148 0.023958 0.273148
23 0.000521 0.377778 0.001042 0.460185 0.019792 0.470370 0.041146 0.484259 0.063542 0.485185 0.064583 0.411111 0.056250 0.364815 0.017188 0.368519 0.005729 0.385185
44 0.217188 0.506481 0.193750 0.501852 0.152604 0.495370 0.092188 0.493519 0.068229 0.495370 0.061979 0.457407 0.058333 0.427778 0.066146 0.395370 0.078646 0.367593 0.088542 0.337037 0.104167 0.330556 0.121354 0.322222 0.145833 0.303704 0.176042 0.247222 0.185938 0.237963 0.200521 0.271296 0.175000 0.312037 0.156771 0.337037 0.131771 0.356481 0.121354 0.386111 0.098437 0.388889 0.083854 0.386111 0.076042 0.393519 0.078646 0.415741 0.080208 0.450000 0.075000 0.470370 0.101042 0.476852 0.135417 0.471296 0.162500 0.449074 0.184375 0.431481 0.212500 0.425000 0.233333 0.424074 0.251042 0.444444 0.246354 0.462037 0.235937 0.468519 0.229687 0.478704 0.224479 0.496296
31 0.236979 0.486111 0.252604 0.495370 0.273438 0.513889 0.291146 0.525926 0.315104 0.531481 0.404167 0.539815 0.460417 0.548148 0.506771 0.573148 0.541146 0.605556 0.597917 0.682407 0.626042 0.722222 0.652083 0.758333 0.678646 0.802778 0.710938 0.873148 0.731250 0.938889 0.744271 0.978704 0.735938 0.985185 0.717187 0.935185 0.696875 0.866667 0.678646 0.825926 0.657292 0.784259 0.634896 0.750000 0.604688 0.711111 0.579167 0.675000 0.554688 0.641667 0.538542 0.614815 0.510938 0.592593 0.477083 0.568519 0.450000 0.562963 0.394792 0.553704 0.345833 0.549074 0.298438 0.544444 0.278125 0.539815 0.257292 0.512963 0.231250 0.497222
23 0.140104 0.352778 0.139583 0.372222 0.141146 0.393519 0.149479 0.412037 0.167187 0.403704 0.170833 0.374074 0.170833 0.357407 0.167187 0.342593 0.148438 0.344444