23 0.292187 0.039815 0.282292 0.043519 0.267708 0.050926 0.257292 0.056481 0.249479 0.037037 0.251042 0.014815 0.263542 0.005556 0.278646 0.000000 0.291146 0.012037
23 0.187500 0.174074 0.179167 0.184259 0.168229 0.198148 0.159375 0.200926 0.151042 0.183333 0.152083 0.158333 0.159896 0.143519 0.168750 0.141667 0.177083 0.141667 0.184896 0.152778
23 0.143229 0.289815 0.133333 0.306481 0.125000 0.315741 0.115104 0.314815 0.106771 0.300926 0.104167 0.281481 0.107292 0.261111 0.113542 0.249074 0.123438 0.242593 0.133854 0.244444 0.142708 0.255556 0.147396 0.274074 0.145833 0.283333
23 0.165625 0.384259 0.159375 0.410185 0.144792 0.423148 0.128646 0.414815 0.123438 0.403704 0.120833 0.383333 0.126042 0.363889 0.140625 0.352778 0.153125 0.357407 0.158333 0.368519
23 0.294271 0.285185 0.281250 0.306481 0.263542 0.296296 0.254688 0.276852 0.256250 0.246296 0.267188 0.235185 0.285938 0.242593 0.298438 0.270370 0.298438 0.280556
23 0.269792 0.357407 0.253646 0.375926 0.233854 0.387963 0.221354 0.380556 0.213542 0.360185 0.209375 0.331481 0.211979 0.307407 0.227083 0.281481 0.248438 0.284259 0.260937 0.300000 0.268750 0.318519 0.272917 0.332407 0.272917 0.341667
23 0.217188 0.424074 0.213021 0.455556 0.222396 0.488889 0.241146 0.501852 0.256250 0.493519 0.261458 0.413889 0.246875 0.395370 0.229687 0.401852 0.224479 0.407407
44 0.404687 0.310185 0.376563 0.346296 0.344792 0.377778 0.319792 0.395370 0.277083 0.412037 0.257292 0.435185 0.254167 0.508333 0.250000 0.517593 0.258854 0.535185 0.271875 0.544444 0.315625 0.565741 0.342187 0.585185 0.356250 0.581481 0.369792 0.573148 0.416146 0.575000 0.435937 0.563889 0.444792 0.552778 0.450000 0.535185 0.443750 0.506481 0.432292 0.501852 0.416146 0.505556 0.392188 0.514815 0.377083 0.535185 0.348438 0.541667 0.318750 0.539815 0.271354 0.522222 0.271354 0.491667 0.277083 0.446296 0.279687 0.424074 0.293750 0.440741 0.304688 0.448148 0.317708 0.442593 0.331771 0.425926 0.347917 0.428704 0.360938 0.414815 0.390625 0.387037 0.409896 0.375000 0.421875 0.357407 0.413542 0.336111
23 0.385417 0.049074 0.375521 0.059259 0.369271 0.071296 0.369792 0.099074 0.389062 0.104630 0.401042 0.087963 0.400000 0.070370 0.391146 0.053704
23 0.359896 0.114815 0.346354 0.133333 0.346354 0.164815 0.351562 0.198148 0.368750 0.208333 0.383333 0.200000 0.393229 0.179630 0.393750 0.142593 0.389062 0.125000 0.379688 0.113889 0.369792 0.105556
23 0.372396 0.217593 0.372396 0.263889 0.381771 0.284259 0.400000 0.284259 0.420833 0.271296 0.435937 0.260185 0.437500 0.234259 0.436458 0.191667 0.422396 0.162963 0.414583 0.160185 0.401562 0.162037 0.395833 0.173148 0.388021 0.192593 0.379167 0.212963
31 0.425000 0.579630 0.436458 0.596296 0.451562 0.612963 0.467708 0.636111 0.489583 0.666667 0.510938 0.682407 0.543750 0.703704 0.581250 0.720370 0.628125 0.745370 0.662500 0.763889 0.700521 0.796296 0.726042 0.835185 0.752083 0.880556 0.768229 0.925000 0.791146 0.984259 0.801042 0.998148 0.808333 0.996296 0.782292 0.937037 0.755729 0.866667 0.733333 0.825926 0.709375 0.792593 0.682813 0.770370 0.638542 0.739815 0.602604 0.720370 0.552083 0.692593 0.516667 0.674074 0.495833 0.658333 0.479687 0.634259 0.464583 0.612963 0.445312 0.590741 0.432292 0.572222
23 0.360417 0.425000 0.355208 0.439815 0.358333 0.457407 0.370833 0.473148 0.384896 0.465741 0.391146 0.446296 0.394271 0.425926 0.389062 0.403704 0.376042 0.407407 0.368750 0.414815
23 0.372396 0.295370 0.358854 0.317593 0.368750 0.337037 0.388542 0.333333 0.407292 0.300926 0.399479 0.285185 0.387500 0.284259