23 0.191146 0.255556 0.177604 0.281481 0.164062 0.279630 0.160938 0.250926 0.160938 0.222222 0.172917 0.212037 0.188021 0.215741 0.192188 0.225926 0.192708 0.245370
23 0.254688 0.162963 0.236458 0.176852 0.227083 0.178704 0.223438 0.166667 0.226042 0.150000 0.232292 0.139815 0.239583 0.134259 0.250000 0.137037 0.259896 0.143519
23 0.387500 0.048148 0.370833 0.050926 0.353646 0.058333 0.344792 0.025000 0.363542 0.011111 0.388542 0.013889 0.399479 0.026852
23 0.185938 0.357407 0.186979 0.387037 0.177083 0.402778 0.158854 0.406481 0.144792 0.396296 0.138542 0.351852 0.155208 0.324074 0.166146 0.317593 0.177604 0.323148 0.185938 0.339815
23 0.307812 0.322222 0.293750 0.338889 0.277083 0.328704 0.271354 0.311111 0.266146 0.287963 0.274479 0.263889 0.295833 0.262963 0.307292 0.283333 0.309896 0.308333
23 0.263542 0.392593 0.234375 0.396296 0.221354 0.373148 0.221875 0.314815 0.233333 0.290741 0.256250 0.295370 0.268750 0.312963 0.269271 0.352778 0.269792 0.374074
23 0.459896 0.151852 0.441146 0.147222 0.434375 0.128704 0.446354 0.092593 0.463542 0.095370 0.472917 0.124074
23 0.415104 0.164815 0.401042 0.197222 0.406250 0.235185 0.435937 0.240741 0.447917 0.215741 0.448437 0.179630 0.435417 0.162037
23 0.442188 0.252778 0.431250 0.265741 0.423438 0.291667 0.433333 0.324074 0.443750 0.341667 0.467708 0.340741 0.478125 0.325000 0.478646 0.288889 0.470313 0.268519 0.458333 0.252778
23 0.488021 0.237037 0.481250 0.273148 0.483854 0.311111 0.496875 0.339815 0.517188 0.335185 0.529687 0.312963 0.522917 0.286111 0.517708 0.261111 0.505729 0.240741
23 0.422396 0.357407 0.421354 0.390741 0.438021 0.419444 0.454167 0.425926 0.477083 0.413889 0.485938 0.387037 0.476042 0.366667 0.463542 0.351852 0.448437 0.342593 0.434375 0.337037
23 0.234375 0.425926 0.229687 0.446296 0.246354 0.477778 0.270833 0.454630 0.276562 0.428704 0.267188 0.414815 0.254688 0.410185 0.244792 0.411111
23 0.392708 0.448148 0.379688 0.474074 0.385937 0.519444 0.411458 0.525926 0.420833 0.509259 0.425521 0.486111 0.418750 0.471296 0.404167 0.453704
44 0.429688 0.446296 0.422396 0.418519 0.413542 0.394444 0.415625 0.375926 0.410938 0.371296 0.392188 0.384259 0.376042 0.401852 0.338021 0.427778 0.293750 0.443519 0.264062 0.444444 0.258333 0.490741 0.255729 0.542593 0.264583 0.570370 0.294271 0.602778 0.336979 0.624074 0.395313 0.646296 0.432292 0.643519 0.428125 0.599074 0.450521 0.604630 0.439583 0.577778 0.413542 0.570370 0.391146 0.579630 0.355729 0.595370 0.326042 0.586111 0.294271 0.562037 0.266667 0.530556 0.277083 0.512037 0.308333 0.482407 0.343750 0.472222 0.389583 0.451852 0.406250 0.439815 0.428125 0.466667
31 0.438021 0.612963 0.435417 0.644444 0.443229 0.687037 0.454688 0.712037 0.464583 0.749074 0.477604 0.792593 0.513542 0.835185 0.558333 0.891667 0.612500 0.947222 0.642708 0.980556 0.657292 0.997222 0.671875 0.990741 0.638021 0.953704 0.597396 0.901852 0.556250 0.862037 0.507292 0.807407 0.482292 0.763889 0.466146 0.723148 0.453646 0.670370 0.443750 0.639815 0.444792 0.593519