23 0.123438 0.258333 0.114062 0.279630 0.101042 0.285185 0.090104 0.267593 0.088021 0.247222 0.099479 0.225000 0.110937 0.222222 0.121354 0.231481 0.123958 0.244444
23 0.184896 0.172222 0.167708 0.187037 0.159896 0.187037 0.156250 0.170370 0.159896 0.153704 0.174479 0.137037 0.182292 0.137037 0.188542 0.144444 0.189062 0.156481
23 0.313542 0.046296 0.301563 0.062037 0.284896 0.062963 0.276042 0.056481 0.282292 0.028704 0.292187 0.012037 0.309896 0.012963 0.315104 0.025926 0.316146 0.035185
23 0.107292 0.341667 0.116667 0.371296 0.110417 0.387963 0.096875 0.405556 0.084375 0.407407 0.079167 0.388889 0.082292 0.344444 0.098437 0.331481 0.103646 0.333333
23 0.218750 0.301852 0.206250 0.319444 0.188542 0.318519 0.181250 0.295370 0.183333 0.277778 0.189583 0.270370 0.204687 0.267593 0.212500 0.274074 0.218229 0.284259
23 0.181250 0.379630 0.159896 0.385185 0.140625 0.375000 0.134896 0.347222 0.141146 0.314815 0.158854 0.293519 0.168750 0.297222 0.179688 0.311111 0.183333 0.325926 0.185938 0.345370 0.186979 0.358333
23 0.147396 0.400926 0.143750 0.441667 0.162500 0.459259 0.192188 0.442593 0.195312 0.411111 0.185938 0.388889 0.167187 0.387037 0.162500 0.391667 0.151042 0.398148
23 0.367188 0.092593 0.353646 0.113889 0.354167 0.132407 0.360417 0.144444 0.380729 0.152778 0.385937 0.137037 0.383854 0.120370 0.381250 0.101852 0.376563 0.098148
23 0.337500 0.152778 0.320833 0.179630 0.321354 0.217593 0.335417 0.237037 0.354687 0.235185 0.366146 0.219444 0.370833 0.194444 0.370312 0.174074 0.364583 0.161111 0.356771 0.150926
23 0.349479 0.266667 0.342187 0.295370 0.346354 0.325926 0.356250 0.333333 0.375521 0.328704 0.388542 0.319444 0.395313 0.307407 0.392188 0.270370 0.387500 0.262037 0.382292 0.255556 0.372396 0.250926 0.363542 0.250926 0.357292 0.261111
23 0.398438 0.259259 0.397917 0.293519 0.407292 0.325926 0.434896 0.326852 0.456250 0.307407 0.455208 0.268519 0.445833 0.251852 0.429688 0.244444 0.419792 0.241667 0.412500 0.243519 0.408333 0.247222 0.406771 0.250926
23 0.339583 0.347222 0.341667 0.372222 0.352083 0.391667 0.384375 0.390741 0.401042 0.373148 0.394792 0.339815 0.389583 0.335185 0.373437 0.336111 0.358333 0.334259 0.352083 0.336111 0.344792 0.343519
44 0.354687 0.605556 0.303646 0.609259 0.261979 0.618519 0.244271 0.624074 0.202083 0.595370 0.172396 0.551852 0.178646 0.486111 0.176563 0.457407 0.190625 0.436111 0.231250 0.431481 0.273438 0.407407 0.304167 0.377778 0.322396 0.366667 0.321354 0.379630 0.323958 0.404630 0.331771 0.424074 0.310937 0.437037 0.281771 0.451852 0.258333 0.466667 0.228646 0.477778 0.205208 0.489815 0.188021 0.518519 0.192188 0.544444 0.215625 0.562037 0.237500 0.585185 0.264583 0.590741 0.285417 0.595370 0.297917 0.573148 0.310937 0.571296 0.338021 0.570370 0.347396 0.577778 0.355208 0.588889
31 0.352604 0.612037 0.353646 0.654630 0.365104 0.699074 0.376042 0.732407 0.388021 0.775926 0.409896 0.812963 0.436979 0.845370 0.478646 0.900000 0.524479 0.946296 0.564063 0.993519 0.575000 0.997222 0.568229 0.978704 0.552083 0.959259 0.520833 0.925926 0.496354 0.900000 0.463542 0.861111 0.430729 0.816667 0.404687 0.787963 0.390104 0.750000 0.382292 0.709259 0.372917 0.693519 0.359896 0.653704 0.362500 0.608333
23 0.862500 0.611111 0.888021 0.639815 0.907813 0.703704 0.938542 0.755556 0.976042 0.824074 0.995833 0.911111 0.998958 0.766667 0.952604 0.700000 0.923438 0.650000 0.900000 0.624074 0.879687 0.615741
23 0.319792 0.444444 0.309375 0.444444 0.295312 0.459259 0.294792 0.496296 0.303646 0.529630 0.323437 0.521296 0.340625 0.503704 0.336458 0.470370