23 0.078646 0.171296 0.066146 0.183333 0.058854 0.183333 0.052604 0.162963 0.059896 0.150926 0.069271 0.145370 0.077083 0.144444 0.082292 0.155556
23 0.047917 0.276852 0.049479 0.305556 0.060937 0.322222 0.075000 0.324074 0.083854 0.305556 0.084896 0.286111 0.082292 0.268519 0.076563 0.257407 0.065625 0.257407 0.060937 0.262037 0.052083 0.266667 0.040625 0.281481
23 0.011979 0.308333 0.007292 0.329630 0.009375 0.349074 0.022917 0.358333 0.039583 0.345370 0.048438 0.325926 0.047396 0.300926 0.036458 0.290741 0.029687 0.292593 0.018229 0.297222
23 0.015625 0.370370 0.017188 0.405556 0.033854 0.412963 0.047917 0.403704 0.050000 0.362037 0.032292 0.362037 0.021875 0.367593
23 0.204687 0.036111 0.185938 0.050926 0.170833 0.062037 0.167708 0.046296 0.172917 0.023148 0.189583 0.014815 0.202083 0.016667 0.206250 0.025926
23 0.236458 0.086111 0.216146 0.122222 0.218750 0.148148 0.227083 0.168519 0.238542 0.175000 0.248958 0.162963 0.257292 0.150926 0.260937 0.128704 0.257812 0.106481 0.256250 0.096296 0.248438 0.084259 0.242708 0.079630 0.239583 0.079630
23 0.199479 0.144444 0.188021 0.163889 0.186458 0.188889 0.188542 0.226852 0.204167 0.231481 0.231250 0.219444 0.229687 0.175926 0.208854 0.147222
23 0.215625 0.252778 0.207813 0.281481 0.212500 0.315741 0.222917 0.334259 0.241146 0.331481 0.254688 0.316667 0.256771 0.295370 0.255729 0.276852 0.250521 0.261111 0.243229 0.248148 0.228646 0.244444
23 0.278646 0.261111 0.273438 0.303704 0.284896 0.324074 0.309375 0.324074 0.327083 0.310185 0.330729 0.273148 0.316146 0.250000 0.296875 0.246296 0.287500 0.246296
23 0.180729 0.411111 0.168750 0.439815 0.172396 0.462037 0.192188 0.464815 0.211979 0.449074 0.217188 0.439815 0.208333 0.412963 0.192708 0.403704
44 0.205729 0.598148 0.146875 0.604630 0.102083 0.605556 0.073958 0.581481 0.044792 0.539815 0.050521 0.457407 0.054688 0.425926 0.105208 0.404630 0.155208 0.354630 0.167187 0.349074 0.170833 0.363889 0.159896 0.375000 0.171875 0.404630 0.154167 0.422222 0.113542 0.449074 0.082812 0.470370 0.055729 0.495370 0.055208 0.522222 0.089063 0.557407 0.088542 0.523148 0.100000 0.506481 0.096354 0.524074 0.097396 0.544444 0.101042 0.545370 0.098437 0.562963 0.103646 0.575926 0.110937 0.566667 0.120833 0.584259 0.136458 0.587037 0.150000 0.568519 0.171875 0.568519 0.188542 0.563889 0.203125 0.572222 0.202604 0.579630
31 0.217708 0.599074 0.214062 0.630556 0.214583 0.659259 0.225000 0.687037 0.232813 0.726852 0.240625 0.763889 0.264583 0.809259 0.292708 0.852778 0.323958 0.890741 0.354687 0.935185 0.375000 0.966667 0.397917 0.998148 0.410417 0.994444 0.393750 0.963889 0.369792 0.930556 0.342187 0.897222 0.314063 0.852778 0.267708 0.790741 0.250521 0.761111 0.241146 0.727778 0.238542 0.706481 0.233333 0.680556 0.223958 0.663889 0.223958 0.625926 0.227083 0.597222
23 0.743229 0.617593 0.764583 0.639815 0.789583 0.700926 0.807813 0.757407 0.835417 0.801852 0.855208 0.811111 0.863542 0.849074 0.864062 0.935185 0.901563 0.958333 0.905729 0.855556 0.886979 0.768519 0.853646 0.712963 0.807292 0.650926 0.778125 0.625926 0.758333 0.624074