23 0.042188 0.384259 0.031250 0.401852 0.019271 0.419444 0.008333 0.401852 0.008333 0.373148 0.019271 0.363889 0.032813 0.370370
23 0.109375 0.309259 0.092188 0.326852 0.078646 0.325926 0.078646 0.300000 0.081250 0.271296 0.089583 0.266667 0.098437 0.270370 0.111979 0.289815 0.110937 0.299074 0.104688 0.312963
23 0.238542 0.212963 0.222396 0.213889 0.209896 0.217593 0.200521 0.220370 0.202083 0.187037 0.207813 0.172222 0.223958 0.159259 0.239583 0.175926 0.243750 0.197222
23 0.259375 0.345370 0.236458 0.334259 0.227083 0.311111 0.236979 0.290741 0.251042 0.284259 0.260937 0.303704 0.260937 0.326852
23 0.240104 0.410185 0.219792 0.422222 0.197396 0.387963 0.197396 0.347222 0.230729 0.333333 0.240625 0.358333 0.239583 0.395370
23 0.285938 0.412037 0.279687 0.441667 0.289583 0.475000 0.309896 0.492593 0.338021 0.480556 0.337500 0.441667 0.325000 0.414815 0.309375 0.406481 0.289583 0.400000
23 0.227604 0.455556 0.218750 0.481481 0.220833 0.514815 0.235937 0.531481 0.263542 0.502778 0.270833 0.481481 0.260937 0.466667 0.250000 0.461111 0.232292 0.457407
23 0.236458 0.552778 0.219271 0.585185 0.233333 0.617593 0.267188 0.619444 0.277083 0.586111 0.278646 0.560185 0.272396 0.546296 0.263021 0.541667 0.251042 0.535185
44 0.185417 0.802778 0.150000 0.811111 0.116667 0.819444 0.085938 0.803704 0.054688 0.744444 0.043750 0.710185 0.042188 0.650926 0.039583 0.611111 0.044792 0.598148 0.070833 0.592593 0.094792 0.600926 0.145833 0.558333 0.157292 0.565741 0.145833 0.579630 0.157292 0.617593 0.141146 0.619444 0.095833 0.643519 0.066146 0.653704 0.052083 0.668519 0.054688 0.700000 0.070833 0.728704 0.082292 0.716667 0.084896 0.700000 0.088542 0.699074 0.097917 0.706481 0.092188 0.717593 0.088021 0.725926 0.092708 0.733333 0.089583 0.748148 0.092188 0.770370 0.106250 0.779630 0.134896 0.784259 0.163542 0.778704 0.185938 0.786111 0.192188 0.793519
23 0.070312 0.488889 0.056250 0.517593 0.043750 0.500926 0.038542 0.480556 0.039583 0.467593 0.048438 0.446296 0.061458 0.444444 0.072396 0.452778 0.071875 0.471296
23 0.040625 0.514815 0.023958 0.521296 0.008333 0.506481 0.013021 0.463889 0.030208 0.452778 0.032813 0.455556 0.037500 0.473148 0.042188 0.503704 0.045833 0.521296
23 0.175000 0.639815 0.163542 0.667593 0.160938 0.694444 0.177083 0.713889 0.192188 0.703704 0.197396 0.699074 0.201042 0.674074 0.196354 0.646296 0.190104 0.633333 0.179167 0.634259
31 0.204687 0.805556 0.200521 0.837963 0.200521 0.864815 0.207292 0.890741 0.207813 0.916667 0.205208 0.948148 0.211979 0.961111 0.220833 0.998148 0.229167 0.996296 0.216667 0.944444 0.216146 0.906481 0.216146 0.888889 0.206771 0.866667 0.209375 0.842593 0.214583 0.804630
23 0.658333 0.183333 0.650521 0.194444 0.634375 0.196296 0.622917 0.186111 0.617708 0.161111 0.625000 0.146296 0.632292 0.139815 0.649479 0.140741 0.657292 0.145370 0.665104 0.163889
23 0.851042 0.367593 0.836458 0.384259 0.844792 0.409259 0.866667 0.431481 0.884896 0.422222 0.893229 0.395370 0.877083 0.366667 0.864583 0.358333
0 0.448958 0.097222 0.441146 0.117593 0.429688 0.137037 0.426042 0.156481 0.432812 0.172222 0.446354 0.175000 0.461979 0.155556 0.472396 0.124074 0.473958 0.100000 0.477083 0.077778 0.463021 0.070370 0.456771 0.075926 0.453646 0.081481 0.452083 0.088889
23 0.926562 0.248148 0.914583 0.252778 0.903646 0.239815 0.900521 0.225926 0.905729 0.214815 0.911979 0.208333 0.921354 0.212963 0.926562 0.218519 0.927083 0.229630 0.928125 0.237037