42 0.292187 0.995370 0.137500 0.862963 0.088542 0.924074 0.082292 0.967593 0.125521 0.995370 0.228646 0.997222
33 0.316667 0.912963 0.252083 0.677778 0.206250 0.475926 0.167187 0.300926 0.168750 0.257407 0.184896 0.226852 0.217188 0.198148 0.253646 0.327778 0.288021 0.470370 0.325000 0.595370 0.370833 0.741667 0.376563 0.766667 0.376563 0.790741 0.367188 0.795370 0.347396 0.693519 0.327604 0.697222 0.322396 0.711111 0.329688 0.753704 0.342187 0.811111 0.356250 0.900000 0.354687 0.935185 0.343229 0.911111 0.328646 0.906481 0.325000 0.913889
23 0.254167 0.850000 0.256250 0.875000 0.246354 0.911111 0.231771 0.916667 0.223438 0.908333 0.218750 0.880556 0.225521 0.836111 0.237500 0.825926 0.247917 0.825926
23 0.260937 0.895370 0.256250 0.910185 0.256250 0.932407 0.267188 0.942593 0.282292 0.931481 0.289583 0.912037 0.283333 0.900000 0.275521 0.881481
23 0.238021 0.244444 0.238021 0.257407 0.241667 0.278704 0.253125 0.288889 0.260937 0.278704 0.263021 0.261111 0.259896 0.239815 0.248958 0.228704 0.243229 0.237963 0.242188 0.239815
23 0.388021 0.586111 0.371875 0.601852 0.358333 0.596296 0.353125 0.575926 0.363542 0.566667 0.376042 0.563889 0.384896 0.580556
23 0.889062 0.986111 0.892708 0.950000 0.875000 0.926852 0.858333 0.932407 0.845833 0.945370 0.835938 0.968519 0.841667 0.992593 0.873437 0.999074
23 0.773438 0.724074 0.763542 0.748148 0.765104 0.768519 0.777604 0.786111 0.787500 0.789815 0.801042 0.784259 0.811458 0.768519 0.812500 0.743519 0.801042 0.728704 0.790625 0.711111
23 0.738021 0.090741 0.736979 0.108333 0.727083 0.119444 0.718229 0.119444 0.710938 0.118519 0.700521 0.110185 0.698438 0.090741 0.706250 0.072222 0.716146 0.066667 0.727604 0.069444 0.736458 0.079630
23 0.794271 0.217593 0.789062 0.234259 0.780729 0.244444 0.766667 0.246296 0.758854 0.234259 0.766146 0.212037 0.777083 0.200000 0.793750 0.198148
36 0.266146 0.844444 0.310937 0.704630 0.353646 0.633333 0.387500 0.637037 0.431250 0.735185 0.443229 0.826852 0.413542 0.888889 0.445833 0.884259 0.463542 0.773148 0.441146 0.686111 0.396875 0.608333 0.344271 0.605556 0.289062 0.685185 0.261979 0.801852