1 0.502604 0.125926 0.518229 0.114815 0.535937 0.123148 0.541667 0.141667 0.542708 0.179630 0.539062 0.224074 0.534896 0.268519 0.531771 0.300000 0.519792 0.323148 0.510417 0.334259 0.488542 0.328704 0.475000 0.301852 0.470833 0.285185 0.477083 0.230556 0.490104 0.167593 0.497917 0.137037
23 0.937500 0.808333 0.934896 0.825926 0.924479 0.839815 0.914062 0.837037 0.901042 0.825000 0.899479 0.800000 0.908333 0.781481 0.921354 0.774074 0.929688 0.781481 0.936979 0.790741
23 0.530208 0.749074 0.527604 0.769444 0.517188 0.781481 0.505208 0.786111 0.491146 0.774074 0.486979 0.746296 0.496354 0.731481 0.507812 0.722222 0.524479 0.722222 0.531771 0.733333
23 0.129167 0.830556 0.123958 0.849074 0.117188 0.856481 0.107292 0.858333 0.093750 0.848148 0.090625 0.824074 0.099479 0.801852 0.112500 0.796296 0.121354 0.800000 0.128646 0.819444
23 0.053646 0.550000 0.055208 0.574074 0.046354 0.579630 0.031250 0.581481 0.026042 0.567593 0.025000 0.557407 0.034896 0.535185 0.043750 0.525926 0.050000 0.535185
23 0.660937 0.242593 0.689583 0.238889 0.706250 0.230556 0.724479 0.206481 0.728646 0.168519 0.721354 0.150000 0.701562 0.130556 0.708333 0.157407 0.709375 0.187963 0.698438 0.204630 0.685937 0.212037 0.670833 0.220370 0.662500 0.225926 0.647396 0.233333
23 0.647917 0.074074 0.642708 0.087037 0.629167 0.083333 0.621875 0.073148 0.619792 0.062037 0.623958 0.049074 0.631771 0.041667 0.640625 0.042593 0.645833 0.046296 0.648958 0.062037
31 0.014063 0.997222 0.051042 0.933333 0.095833 0.875000 0.137500 0.868519 0.179688 0.865741 0.271354 0.874074 0.377083 0.863889 0.479167 0.844444 0.501563 0.828704 0.500000 0.898148 0.514583 0.949074 0.547917 0.986111 0.582292 0.975000 0.615104 0.930556 0.622396 0.862963 0.616146 0.823148 0.596875 0.797222 0.550521 0.796296 0.509896 0.806481 0.532292 0.672222 0.550000 0.565741 0.564063 0.461111 0.577604 0.491667 0.584896 0.462037 0.591146 0.337037 0.596875 0.101852 0.597396 0.000000 0.592708 0.000000 0.589583 0.082407 0.585417 0.220370 0.580729 0.363889 0.580729 0.450926 0.568229 0.439815 0.550000 0.480556 0.539583 0.544444 0.531250 0.619444 0.522396 0.682407 0.513021 0.756481 0.505729 0.830556 0.539062 0.810185 0.588542 0.804630 0.606250 0.835185 0.616146 0.884259 0.601562 0.926852 0.572917 0.959259 0.542188 0.966667 0.523438 0.935185 0.507292 0.871296 0.508854 0.823148 0.505729 0.817593 0.477083 0.823148 0.422396 0.844444 0.321875 0.848148 0.244271 0.857407 0.185938 0.847222 0.141146 0.850926 0.084896 0.863889 0.063542 0.903704 0.028646 0.949074
31 0.172396 0.208333 0.231250 0.186111 0.292708 0.147222 0.332813 0.117593 0.357812 0.087963 0.391146 0.039815 0.423958 0.000000 0.410938 0.000000 0.373958 0.044444 0.327083 0.103704 0.282813 0.144444 0.249479 0.163889 0.198437 0.191667
23 0.176042 0.196296 0.164062 0.170370 0.146354 0.187037 0.142187 0.219444 0.157292 0.224074 0.173437 0.219444
24 0.604688 0.401852 0.676042 0.466667 0.734375 0.517593 0.812500 0.464815 0.796354 0.390741 0.755729 0.350000 0.715104 0.322222 0.678646 0.325926 0.647396 0.352778 0.633333 0.375000 0.613542 0.395370