23 0.086979 0.940741 0.073438 0.984259 0.093750 0.994444 0.110417 0.978704 0.114062 0.939815 0.105729 0.937963
23 0.439583 0.591667 0.441146 0.634259 0.454688 0.646296 0.470313 0.637037 0.483333 0.614815 0.477604 0.595370 0.459375 0.575000 0.449479 0.576852
23 0.272396 0.741667 0.258854 0.750000 0.246875 0.774074 0.246875 0.804630 0.265625 0.822222 0.291667 0.807407 0.293229 0.758333
23 0.404167 0.670370 0.393229 0.694444 0.398438 0.746296 0.417708 0.739815 0.434896 0.700000 0.422396 0.676852
23 0.141667 0.325926 0.128125 0.328704 0.125000 0.359259 0.136458 0.381481 0.156771 0.374074 0.163542 0.350000 0.156771 0.333333
0 0.018750 0.507407 0.067187 0.546296 0.140104 0.567593 0.179688 0.563889 0.194271 0.535185 0.185417 0.490741 0.151562 0.468519 0.098437 0.466667 0.074479 0.450926 0.039062 0.410185 0.018750 0.458333
23 0.506250 0.270370 0.495833 0.286111 0.477604 0.286111 0.475521 0.259259 0.483854 0.240741 0.498437 0.239815 0.500521 0.252778
33 0.098437 0.837963 0.213021 0.735185 0.290104 0.650926 0.358333 0.595370 0.390104 0.575000 0.406771 0.540741 0.410938 0.517593 0.406250 0.486111 0.366667 0.513889 0.318750 0.554630 0.219792 0.637037 0.127083 0.687963 0.078125 0.739815 0.079687 0.782407 0.091667 0.822222
31 0.157292 0.581481 0.216146 0.610185 0.283333 0.627778 0.332292 0.655556 0.378125 0.670370 0.404167 0.667593 0.438021 0.655556 0.478646 0.622222 0.514583 0.622222 0.588021 0.597222 0.683333 0.579630 0.789062 0.537963 0.880729 0.495370 0.999479 0.425926 0.999479 0.409259 0.879167 0.479630 0.803646 0.516667 0.718229 0.543519 0.636979 0.568519 0.540104 0.594444 0.481771 0.607407 0.448437 0.624074 0.419792 0.650926 0.387500 0.657407 0.322396 0.640741 0.283333 0.611111 0.222396 0.590741 0.162500 0.568519
23 0.167187 0.511111 0.167187 0.543519 0.197917 0.562037 0.204687 0.517593 0.194271 0.492593 0.180729 0.500000
23 0.845833 0.295370 0.835938 0.305556 0.835417 0.328704 0.845833 0.344444 0.865104 0.347222 0.875000 0.328704 0.873437 0.308333 0.865104 0.295370