0 0.083333 0.345370 0.070833 0.384259 0.071875 0.419444 0.093750 0.452778 0.120313 0.462037 0.152083 0.473148 0.182812 0.507407 0.220833 0.519444 0.260417 0.504630 0.268750 0.479630 0.259375 0.419444 0.231250 0.405556 0.198437 0.393519 0.160938 0.388889 0.126042 0.361111 0.105208 0.335185
23 0.222396 0.289815 0.206250 0.297222 0.198437 0.281481 0.192188 0.260185 0.195833 0.241667 0.212500 0.235185 0.220833 0.237037 0.228125 0.246296 0.231250 0.259259 0.232813 0.276852
23 0.572917 0.614815 0.557292 0.616667 0.543750 0.611111 0.535937 0.587037 0.537500 0.560185 0.546354 0.545370 0.567187 0.535185 0.583333 0.541667 0.591146 0.562963 0.592187 0.590741 0.587500 0.601852
23 0.382292 0.762963 0.380208 0.788889 0.368750 0.795370 0.352083 0.790741 0.342187 0.779630 0.337500 0.762963 0.337500 0.731481 0.356250 0.712963 0.378646 0.721296 0.383854 0.741667
23 0.178646 0.995370 0.189062 0.963889 0.183854 0.938889 0.169792 0.930556 0.157292 0.930556 0.142187 0.957407 0.145833 0.985185 0.154688 0.997222
23 0.607292 0.200000 0.591146 0.205556 0.575000 0.202778 0.570833 0.187037 0.571354 0.169444 0.579688 0.150926 0.598437 0.159259 0.606771 0.174074
33 0.143750 0.722222 0.157292 0.804630 0.201042 0.776852 0.301042 0.693519 0.364583 0.648148 0.466146 0.555556 0.492188 0.518519 0.520312 0.468519 0.509896 0.423148 0.481250 0.445370 0.414583 0.501852 0.317188 0.568519 0.282292 0.600000 0.226562 0.656481 0.183854 0.680556 0.164583 0.700000
31 0.002083 0.376852 0.034896 0.401852 0.078646 0.439815 0.130729 0.481481 0.171354 0.508333 0.234896 0.535185 0.297917 0.560185 0.364583 0.583333 0.445833 0.621296 0.510417 0.646296 0.552604 0.611111 0.590104 0.595370 0.625521 0.594444 0.670833 0.581481 0.736458 0.565741 0.842708 0.546296 0.940625 0.515741 0.999479 0.503704 0.998437 0.487963 0.947396 0.500000 0.902083 0.512037 0.840625 0.530556 0.781250 0.546296 0.719792 0.555556 0.639583 0.574074 0.601562 0.579630 0.569792 0.588889 0.523438 0.617593 0.503125 0.625926 0.456771 0.611111 0.395313 0.584259 0.325000 0.552778 0.257292 0.533333 0.204167 0.508333 0.145833 0.475926 0.098437 0.446296 0.066667 0.414815 0.031250 0.381481 0.001042 0.355556
23 0.273958 0.467593 0.253125 0.481481 0.239583 0.483333 0.229687 0.461111 0.230729 0.443519 0.258333 0.406481 0.275000 0.421296 0.275000 0.449074
23 0.965625 0.242593 0.955208 0.246296 0.947396 0.262963 0.944792 0.286111 0.953646 0.303704 0.969271 0.312963 0.983333 0.308333 0.991146 0.286111 0.988542 0.259259 0.980729 0.242593
23 0.042188 0.584259 0.029167 0.596296 0.018750 0.614815 0.012500 0.641667 0.008333 0.674074 0.013542 0.703704 0.026562 0.722222 0.046354 0.721296 0.062500 0.704630 0.072396 0.686111 0.073958 0.660185 0.068750 0.646296 0.058854 0.651852 0.044792 0.668519 0.051042 0.632407 0.058854 0.600926 0.055729 0.579630
23 0.510938 0.714815 0.498958 0.705556 0.494792 0.684259 0.496875 0.660185 0.505208 0.650926 0.519271 0.642593 0.529167 0.657407 0.534375 0.684259 0.530729 0.708333