0 0.157812 0.292593 0.147396 0.312963 0.140104 0.339815 0.140104 0.373148 0.161979 0.401852 0.192188 0.403704 0.220833 0.414815 0.247396 0.449074 0.287500 0.477778 0.317708 0.470370 0.339583 0.441667 0.345833 0.406481 0.331250 0.359259 0.293229 0.348148 0.263542 0.348148 0.225000 0.337037 0.195312 0.303704 0.170833 0.281481 0.165104 0.279630 0.158333 0.278704
23 0.294792 0.236111 0.280729 0.240741 0.269792 0.237963 0.262500 0.219444 0.262500 0.200000 0.269792 0.185185 0.281771 0.182407 0.296875 0.180556 0.302083 0.195370 0.303646 0.208333 0.302604 0.220370 0.298958 0.226852
23 0.465625 0.765741 0.448437 0.765741 0.433333 0.756481 0.429688 0.732407 0.434896 0.712963 0.445312 0.695370 0.464583 0.701852 0.475521 0.737037 0.476042 0.757407
23 0.269792 0.972222 0.260417 0.986111 0.244792 0.987037 0.235417 0.975000 0.231250 0.948148 0.232813 0.930556 0.245833 0.902778 0.263542 0.906481 0.274479 0.935185 0.275000 0.958333
23 0.620313 0.638889 0.623958 0.673148 0.617188 0.677778 0.606771 0.674074 0.596875 0.660185 0.594792 0.641667 0.608854 0.635185
23 0.684375 0.566667 0.673438 0.582407 0.659896 0.587037 0.641146 0.584259 0.636458 0.562037 0.638542 0.528704 0.653125 0.523148 0.670312 0.517593 0.682292 0.545370
33 0.220833 0.688889 0.238021 0.772222 0.298438 0.737037 0.377083 0.670370 0.482292 0.588889 0.545833 0.543519 0.575000 0.517593 0.610938 0.441667 0.596875 0.399074 0.548438 0.428704 0.489583 0.475926 0.443750 0.505556 0.387500 0.545370 0.346875 0.584259 0.281771 0.633333 0.231250 0.673148 0.224479 0.680556 0.217188 0.681481
23 0.689583 0.147222 0.682813 0.164815 0.673958 0.170370 0.662500 0.165741 0.656250 0.150926 0.653646 0.137037 0.660937 0.125926 0.670833 0.122222 0.678125 0.122222 0.685937 0.128704 0.689583 0.136111
31 0.002083 0.268519 0.049479 0.310185 0.124479 0.371296 0.181250 0.417593 0.288542 0.485185 0.364583 0.517593 0.430729 0.546296 0.519792 0.586111 0.583333 0.613889 0.620833 0.610185 0.646354 0.588889 0.671875 0.568519 0.704688 0.574074 0.727083 0.575926 0.769271 0.560185 0.854167 0.551852 0.943750 0.538889 0.998437 0.525926 0.999479 0.515741 0.954167 0.522222 0.876563 0.536111 0.784896 0.544444 0.718750 0.560185 0.680729 0.554630 0.653646 0.559259 0.606250 0.598148 0.566146 0.589815 0.525000 0.574074 0.473438 0.547222 0.410417 0.519444 0.331250 0.488889 0.272396 0.462037 0.213021 0.424074 0.138021 0.373148 0.077083 0.319444 0.002083 0.249074
23 0.347396 0.441667 0.325000 0.446296 0.313021 0.429630 0.310937 0.397222 0.328125 0.373148 0.345833 0.374074 0.357812 0.397222 0.355208 0.433333
23 0.107813 0.550000 0.095833 0.563889 0.086979 0.595370 0.079687 0.630556 0.082292 0.675926 0.100000 0.694444 0.130729 0.685185 0.143229 0.648148 0.143750 0.626852 0.134896 0.611111 0.121875 0.621296 0.113021 0.633333 0.124479 0.586111 0.127083 0.553704 0.121875 0.543519 0.115104 0.541667