23 0.035937 0.475926 0.043750 0.503704 0.029167 0.535185 0.005208 0.538889 0.000000 0.487037 0.011979 0.450926 0.034896 0.461111
23 0.472396 0.775000 0.468750 0.820370 0.474479 0.847222 0.501563 0.863889 0.529687 0.841667 0.528646 0.788889 0.510417 0.772222 0.490625 0.767593
23 0.478646 0.261111 0.472396 0.277778 0.460417 0.278704 0.450521 0.273148 0.445312 0.264815 0.444792 0.250926 0.456771 0.243519 0.464583 0.246296
23 0.621875 0.275000 0.611458 0.284259 0.609896 0.301852 0.622396 0.323148 0.637500 0.321296 0.648438 0.307407 0.646354 0.288889 0.639583 0.277778 0.632292 0.270370
1 0.801042 0.008333 0.797396 0.054630 0.785417 0.092593 0.770833 0.139815 0.763021 0.170370 0.756250 0.193519 0.741146 0.217593 0.723437 0.233333 0.695833 0.215741 0.681250 0.191667 0.674479 0.177778 0.675521 0.144444 0.696875 0.066667 0.729688 0.001852 0.788542 0.000000
23 0.314063 0.252778 0.314583 0.270370 0.310937 0.287963 0.303646 0.293519 0.292187 0.294444 0.285938 0.271296 0.285938 0.243519 0.298438 0.225926 0.306771 0.237037
31 0.631250 0.012037 0.607292 0.105556 0.593229 0.164815 0.591667 0.218519 0.593750 0.288889 0.566667 0.280556 0.529687 0.281481 0.504687 0.302778 0.489583 0.337037 0.501042 0.362037 0.526042 0.363889 0.559896 0.359259 0.584896 0.346296 0.601042 0.308333 0.631771 0.320370 0.668750 0.337037 0.710938 0.355556 0.754687 0.337037 0.793229 0.321296 0.819792 0.319444 0.841146 0.326852 0.864062 0.361111 0.867188 0.395370 0.863542 0.441667 0.870833 0.445370 0.878646 0.412963 0.879687 0.361111 0.888542 0.271296 0.901563 0.108333 0.908333 0.000000 0.901563 0.000000 0.896354 0.102778 0.884896 0.238889 0.872917 0.365741 0.847396 0.319444 0.821354 0.301852 0.799479 0.304630 0.763021 0.325000 0.720833 0.341667 0.664583 0.328704 0.604688 0.297222 0.598958 0.217593 0.616146 0.119444 0.636979 0.033333 0.640104 0.014815
24 0.879687 0.663889 0.872917 0.665741 0.868229 0.652778 0.871875 0.634259 0.878125 0.625926 0.878646 0.614815 0.883333 0.615741 0.884896 0.595370 0.890104 0.579630 0.896354 0.570370 0.903646 0.565741 0.910417 0.573148 0.919792 0.560185 0.919271 0.546296 0.923958 0.539815 0.928646 0.530556 0.942708 0.535185 0.946875 0.548148 0.951562 0.542593 0.957812 0.529630 0.964583 0.528704 0.969792 0.519444 0.977083 0.513889 0.985938 0.519444 0.989062 0.528704 0.985938 0.547222 0.989062 0.555556 0.994792 0.552778 0.999479 0.547222 0.999479 0.846296 0.997396 0.835185 0.986458 0.833333 0.976042 0.836111 0.972917 0.845370 0.973958 0.868519 0.969271 0.884259 0.962500 0.896296 0.953646 0.879630 0.943229 0.871296 0.945312 0.852778 0.941146 0.844444 0.933333 0.846296 0.923438 0.844444 0.918750 0.821296 0.908854 0.826852 0.904687 0.817593 0.900521 0.800000 0.889583 0.798148 0.879687 0.792593 0.879687 0.772222 0.869792 0.767593 0.868229 0.748148 0.867188 0.727778 0.867188 0.709259 0.870833 0.695370 0.877083 0.687963 0.879687 0.672222
23 0.574479 0.018519 0.594792 0.026852 0.620833 0.025000 0.634896 0.019444 0.631250 0.000000 0.540104 0.000000 0.551562 0.012963
23 0.637500 0.068519 0.631250 0.065741 0.623958 0.060185 0.621354 0.051852 0.622396 0.039815 0.626563 0.030556 0.635938 0.025926 0.643750 0.028704 0.648438 0.037037 0.650521 0.050926 0.648438 0.063889 0.644792 0.067593
23 0.816146 0.224074 0.831250 0.210185 0.842708 0.191667 0.839583 0.168519 0.828646 0.161111 0.818750 0.165741 0.801042 0.186111 0.789583 0.201852 0.783333 0.218519 0.782813 0.234259 0.796354 0.239815 0.804688 0.249074 0.814583 0.244444 0.810937 0.227778