23 0.627083 0.850000 0.612500 0.822222 0.614583 0.783333 0.627083 0.755556 0.655208 0.757407 0.670833 0.767593 0.667708 0.825926 0.656771 0.859259
23 0.042188 0.634259 0.036458 0.666667 0.039583 0.704630 0.058854 0.701852 0.089583 0.686111 0.091146 0.657407 0.077083 0.624074 0.062500 0.606481 0.045312 0.619444
23 0.648438 0.295370 0.641146 0.317593 0.623958 0.315741 0.605729 0.300000 0.606250 0.273148 0.616667 0.262963 0.634375 0.259259 0.646354 0.271296
23 0.447396 0.279630 0.437500 0.308333 0.456250 0.328704 0.475521 0.326852 0.476042 0.295370 0.465625 0.275000
1 0.803125 0.007407 0.789583 0.081481 0.771875 0.137963 0.749479 0.217593 0.728646 0.216667 0.701562 0.190741 0.691146 0.155556 0.702083 0.101852 0.723958 0.047222 0.743750 0.000000 0.777083 0.000000
23 0.278646 0.325926 0.279687 0.359259 0.298438 0.388889 0.312500 0.368519 0.313021 0.344444 0.306771 0.323148 0.293750 0.312963 0.281771 0.311111
31 0.400000 0.000000 0.513021 0.044444 0.538542 0.057407 0.556771 0.092593 0.561458 0.192593 0.576042 0.241667 0.598437 0.299074 0.575000 0.294444 0.534375 0.306481 0.510938 0.324074 0.505729 0.362963 0.521354 0.384259 0.571875 0.382407 0.605729 0.359259 0.616146 0.311111 0.667188 0.333333 0.719792 0.334259 0.749479 0.311111 0.786979 0.291667 0.826042 0.275000 0.847396 0.302778 0.858854 0.335185 0.858333 0.369444 0.869271 0.373148 0.875521 0.303704 0.882292 0.176852 0.889062 0.065741 0.892188 0.001852 0.882292 0.001852 0.879687 0.144444 0.868750 0.308333 0.843750 0.262963 0.809896 0.257407 0.784896 0.267593 0.748437 0.290741 0.709896 0.317593 0.678646 0.322222 0.651042 0.310185 0.603125 0.277778 0.583854 0.220370 0.568750 0.137037 0.569792 0.082407 0.552604 0.048148 0.531250 0.033333 0.505729 0.024074 0.472396 0.015741 0.418750 0.000000
23 0.570312 0.077778 0.580729 0.070370 0.582292 0.050926 0.578125 0.034259 0.569271 0.031481 0.557813 0.034259 0.552604 0.044444 0.555208 0.062037 0.565625 0.070370
24 0.909896 0.530556 0.912500 0.512037 0.910937 0.496296 0.915104 0.482407 0.918750 0.476852 0.919792 0.465741 0.927604 0.466667 0.926562 0.451852 0.933333 0.440741 0.940104 0.433333 0.945312 0.433333 0.948438 0.425926 0.957292 0.425926 0.964583 0.425926 0.969271 0.417593 0.973958 0.412037 0.982292 0.414815 0.985938 0.422222 0.982292 0.440741 0.981250 0.456481 0.989062 0.443519 0.999479 0.437037 0.999479 0.703704 0.983333 0.709259 0.972396 0.700926 0.962500 0.687963 0.952083 0.675000 0.940625 0.678704 0.934896 0.675926 0.932292 0.663889 0.924479 0.655556 0.918229 0.637037 0.917188 0.613889 0.918750 0.596296 0.913542 0.587963 0.915104 0.566667 0.903646 0.568519 0.900000 0.559259 0.902083 0.536111
23 0.469792 0.039815 0.488542 0.055556 0.510417 0.050926 0.536979 0.051852 0.547396 0.031481 0.540104 0.012963 0.506250 0.006481 0.468750 0.001852 0.448958 0.000000 0.434896 0.006481 0.431250 0.020370 0.435937 0.036111
23 0.710417 0.040741 0.697917 0.035185 0.691667 0.022222 0.698438 0.000000 0.728646 0.000000 0.733333 0.017593 0.727604 0.036111