23 0.205729 0.566667 0.196354 0.562963 0.192188 0.549074 0.191146 0.525926 0.198437 0.517593 0.206250 0.517593 0.210938 0.539815 0.212500 0.556481
23 0.334375 0.608333 0.323437 0.608333 0.314583 0.597222 0.314583 0.577778 0.319792 0.566667 0.332813 0.555556 0.348438 0.552778 0.358854 0.564815 0.356250 0.585185 0.345833 0.596296
23 0.533854 0.419444 0.522917 0.417593 0.516667 0.397222 0.516146 0.379630 0.523438 0.364815 0.538542 0.361111 0.547396 0.375000 0.548958 0.392593 0.544792 0.408333
23 0.415625 0.309259 0.414062 0.325000 0.418750 0.337963 0.427083 0.341667 0.439063 0.337037 0.445833 0.332407 0.445312 0.311111 0.438021 0.301852 0.428646 0.296296 0.422396 0.300000
23 0.716146 0.219444 0.710938 0.226852 0.713021 0.239815 0.716667 0.255556 0.720833 0.258333 0.727083 0.255556 0.729167 0.247222 0.728125 0.236111 0.725000 0.225926 0.719792 0.217593
31 0.770312 0.000926 0.772396 0.034259 0.775000 0.084259 0.778125 0.149074 0.781771 0.206481 0.784896 0.284259 0.786458 0.346296 0.791146 0.481481 0.793750 0.579630 0.794792 0.646296 0.795833 0.670370 0.806250 0.686111 0.825521 0.715741 0.846875 0.749074 0.868750 0.784259 0.882292 0.806481 0.913021 0.857407 0.934896 0.890741 0.949479 0.915741 0.963542 0.938889 0.977604 0.961111 0.997917 0.993519 0.998958 0.988889 0.989062 0.970370 0.971354 0.940741 0.951562 0.906481 0.928646 0.872222 0.910417 0.841667 0.886979 0.803704 0.869792 0.775926 0.843229 0.737037 0.814583 0.691667 0.799479 0.665741 0.797917 0.619444 0.795833 0.568519 0.795833 0.522222 0.793750 0.450926 0.791146 0.368519 0.783333 0.184259 0.781250 0.139815 0.777083 0.057407 0.773438 0.000000
8 0.403646 0.278704 0.383333 0.244444 0.366667 0.187963 0.370833 0.147222 0.395833 0.100000 0.421354 0.076852 0.445833 0.060185 0.472917 0.056481 0.504687 0.059259 0.533333 0.067593 0.566667 0.077778 0.589583 0.087963 0.621354 0.101852 0.646875 0.117593 0.680208 0.157407 0.699479 0.197222 0.711979 0.230556 0.719792 0.278704 0.715625 0.322222 0.698438 0.352778 0.664583 0.379630 0.638021 0.381481 0.597396 0.384259 0.560937 0.375926 0.514583 0.363889 0.471354 0.340741 0.431771 0.314815
8 0.817708 0.274074 0.808333 0.257407 0.801042 0.237037 0.798438 0.217593 0.807292 0.196296 0.818750 0.190741 0.838021 0.187963 0.859896 0.193519 0.877083 0.201852 0.899479 0.215741 0.919792 0.237037 0.932292 0.254630 0.946354 0.275000 0.956250 0.299074 0.963542 0.314815 0.966667 0.336111 0.964063 0.357407 0.954688 0.366667 0.936979 0.367593 0.911458 0.366667 0.885938 0.350000 0.865625 0.331481 0.842187 0.311111 0.820833 0.287963
23 0.964063 0.740741 0.952604 0.727778 0.956771 0.709259 0.967187 0.695370 0.981250 0.700926 0.994792 0.719444 0.995833 0.741667 0.995833 0.766667 0.990104 0.775926 0.983854 0.767593 0.972396 0.755556
23 0.741667 0.081481 0.735938 0.089815 0.733333 0.100926 0.737500 0.114815 0.746354 0.115741 0.756771 0.118519 0.761979 0.101852 0.757292 0.086111 0.750000 0.080556
23 0.810937 0.213889 0.807292 0.213889 0.804688 0.220370 0.805208 0.235185 0.810937 0.250926 0.818750 0.255556 0.826562 0.247222 0.829167 0.228704 0.825000 0.219444 0.817708 0.214815