0 0.144792 0.941667 0.168750 0.917593 0.190104 0.875000 0.208854 0.822222 0.228125 0.831481 0.240104 0.841667 0.248958 0.851852 0.268229 0.868519 0.259375 0.889815 0.248958 0.914815 0.235417 0.935185 0.204687 0.975000 0.181250 0.997222 0.155729 0.970370 0.141667 0.937037
23 0.754687 0.592593 0.734896 0.621296 0.717187 0.602778 0.708333 0.579630 0.706771 0.558333 0.715625 0.539815 0.728125 0.535185 0.746875 0.545370 0.752083 0.570370
23 0.352083 0.476852 0.350000 0.505556 0.354687 0.525926 0.358854 0.545370 0.362500 0.566667 0.361979 0.600000 0.368750 0.611111 0.389062 0.632407 0.419792 0.669444 0.416146 0.630556 0.403125 0.606481 0.390104 0.590741 0.385937 0.550926 0.382292 0.522222 0.372396 0.488889 0.358854 0.469444
23 0.102604 0.269444 0.097396 0.280556 0.090104 0.283333 0.081250 0.275000 0.078646 0.259259 0.083333 0.247222 0.089583 0.244444 0.093750 0.248148 0.100000 0.257407
23 0.600000 0.242593 0.596354 0.258333 0.598437 0.270370 0.605729 0.277778 0.614062 0.275000 0.620313 0.268519 0.625000 0.259259 0.626042 0.248148 0.620833 0.238889 0.616146 0.234259 0.606250 0.233333
34 0.736979 0.508333 0.758333 0.525926 0.789583 0.552778 0.819271 0.532407 0.797917 0.501852 0.780208 0.474074 0.772396 0.447222 0.756771 0.450926 0.748437 0.461111 0.738542 0.482407 0.733333 0.497222 0.733333 0.507407
23 0.825521 0.188889 0.812500 0.192593 0.804688 0.184259 0.803646 0.162037 0.812500 0.150000 0.823958 0.146296 0.832292 0.163889 0.831250 0.177778
23 0.816146 0.143519 0.806250 0.140741 0.803646 0.130556 0.811979 0.113889 0.822396 0.111111 0.831250 0.117593 0.834375 0.130556 0.829688 0.141667
23 0.683854 0.123148 0.694792 0.138889 0.709375 0.152778 0.722396 0.157407 0.728646 0.143519 0.720833 0.125000 0.706771 0.102778 0.690104 0.090741 0.669792 0.082407 0.653646 0.082407 0.645312 0.091667 0.645833 0.103704 0.660417 0.106481
23 0.736458 0.006481 0.726042 0.011111 0.723437 0.022222 0.724479 0.039815 0.735417 0.046296 0.743750 0.039815 0.747396 0.022222 0.745313 0.012963
23 0.277083 0.128704 0.264583 0.137037 0.244792 0.143519 0.225521 0.138889 0.222396 0.123148 0.227083 0.111111 0.243750 0.106481 0.260937 0.086111 0.280729 0.073148 0.302083 0.068519 0.323958 0.075000 0.336458 0.091667 0.338542 0.114815 0.321354 0.128704 0.305729 0.127778 0.290104 0.118519
23 0.298958 0.020370 0.292187 0.028704 0.290104 0.039815 0.290104 0.054630 0.300000 0.061111 0.313542 0.059259 0.325000 0.046296 0.326042 0.026852 0.315625 0.020370 0.308333 0.018519