23 0.596875 0.367593 0.586458 0.363889 0.579688 0.349074 0.583333 0.323148 0.593750 0.301852 0.605208 0.306481 0.612500 0.317593 0.615625 0.334259 0.615104 0.346296 0.613542 0.352778 0.608333 0.360185
23 0.875000 0.702778 0.870833 0.688889 0.870833 0.675926 0.874479 0.662037 0.880729 0.657407 0.891146 0.653704 0.901042 0.658333 0.906250 0.671296 0.907813 0.687037 0.907292 0.701852 0.902083 0.711111 0.894792 0.715741 0.885938 0.714815 0.879167 0.713889
23 0.195312 0.736111 0.194271 0.750000 0.199479 0.768519 0.210938 0.775000 0.221354 0.776852 0.232292 0.772222 0.239583 0.759259 0.241146 0.740741 0.237500 0.724074 0.226562 0.713889 0.216667 0.711111 0.209896 0.711111 0.203646 0.717593 0.200521 0.722222
23 0.147917 0.541667 0.143750 0.560185 0.140104 0.576852 0.143229 0.592593 0.149479 0.600000 0.158854 0.598148 0.163542 0.578704 0.168750 0.558333 0.165625 0.544444 0.158333 0.537037 0.153125 0.537963
23 0.182292 0.548148 0.183333 0.568519 0.187500 0.584259 0.193750 0.596296 0.201563 0.603704 0.213542 0.595370 0.218750 0.583333 0.220833 0.566667 0.218229 0.550000 0.207813 0.531481 0.197396 0.528704 0.187500 0.530556 0.181250 0.541667
23 0.037500 0.517593 0.059896 0.512037 0.072917 0.500000 0.085938 0.473148 0.099479 0.437037 0.116146 0.399074 0.130208 0.380556 0.152083 0.352778 0.169271 0.332407 0.190625 0.318519 0.208333 0.301852 0.228125 0.302778 0.231250 0.319444 0.225521 0.341667 0.216146 0.358333 0.192708 0.372222 0.179167 0.381481 0.164583 0.402778 0.158854 0.422222 0.147917 0.450000 0.135937 0.460185 0.127083 0.471296 0.119792 0.488889 0.114062 0.508333 0.102604 0.524074 0.092188 0.535185 0.078646 0.546296 0.066146 0.555556 0.051042 0.558333 0.043229 0.558333 0.036458 0.548148 0.038542 0.526852
23 0.349479 0.252778 0.347396 0.272222 0.354687 0.281481 0.367188 0.275926 0.376042 0.268519 0.371354 0.243519 0.362500 0.238889 0.350000 0.241667
25 0.419271 0.072222 0.391146 0.115741 0.373958 0.140741 0.355729 0.170370 0.344792 0.193519 0.343750 0.217593 0.347396 0.243519 0.360938 0.261111 0.378125 0.266667 0.388542 0.261111 0.395833 0.244444 0.408854 0.222222 0.420312 0.205556 0.435937 0.175000 0.449479 0.148148 0.455208 0.130556 0.460417 0.108333 0.460938 0.090741 0.463021 0.076852 0.470833 0.056481 0.477604 0.044444 0.467187 0.031481 0.454167 0.052778 0.446354 0.066667 0.433333 0.063889 0.427604 0.064815
23 0.372396 0.083333 0.369792 0.095370 0.370833 0.113889 0.377083 0.125926 0.388542 0.127778 0.396354 0.114815 0.403646 0.104630 0.408854 0.090741 0.406250 0.076852 0.400000 0.068519 0.386979 0.064815 0.377083 0.070370
31 0.997396 0.343519 0.984375 0.351852 0.976562 0.351852 0.970313 0.352778 0.957292 0.351852 0.944271 0.350000 0.931771 0.343519 0.922396 0.329630 0.916146 0.314815 0.914583 0.297222 0.922396 0.282407 0.933854 0.281481 0.933333 0.277778 0.923958 0.275000 0.914583 0.276852 0.909896 0.299074 0.911979 0.325926 0.919792 0.339815 0.935417 0.358333 0.952083 0.362037 0.978125 0.365741 0.997917 0.355556
23 0.800000 0.815741 0.792708 0.825926 0.791667 0.840741 0.795312 0.850926 0.804167 0.859259 0.815104 0.863889 0.828125 0.850926 0.828646 0.834259 0.819271 0.826852 0.814063 0.818519 0.808333 0.817593
23 0.772396 0.002778 0.783333 0.015741 0.790104 0.025000 0.806250 0.039815 0.816667 0.044444 0.829167 0.033333 0.814063 0.019444 0.791146 0.000000
0 0.394792 0.259259 0.396354 0.268519 0.398438 0.273148 0.402604 0.273148 0.407292 0.270370 0.411458 0.266667 0.418229 0.258333 0.422396 0.254630 0.428646 0.249074 0.430729 0.248148 0.429688 0.239815 0.425000 0.237037 0.419792 0.225926 0.413542 0.229630 0.407813 0.230556 0.404167 0.233333 0.402604 0.240741 0.398438 0.244444 0.396875 0.246296 0.395833 0.250000 0.395833 0.256481
33 0.646354 0.608333 0.637500 0.670370 0.628646 0.730556 0.623958 0.758333 0.651042 0.770370 0.720313 0.792593 0.777083 0.816667 0.848958 0.852778 0.863021 0.752778 0.867188 0.708333 0.831771 0.684259 0.781250 0.659259 0.747917 0.659259 0.717187 0.646296 0.686458 0.637037 0.667708 0.615741 0.647917 0.600000