23 0.023958 0.093519 0.014583 0.087963 0.010937 0.070370 0.013542 0.054630 0.020833 0.040741 0.032292 0.039815 0.040104 0.054630 0.041667 0.073148 0.034896 0.087963
23 0.254688 0.879630 0.252604 0.903704 0.257292 0.926852 0.275000 0.930556 0.291146 0.925000 0.297396 0.903704 0.295833 0.881481 0.288021 0.868519 0.276042 0.863889 0.262500 0.866667
23 0.216667 0.722222 0.210938 0.736111 0.203646 0.748148 0.195833 0.738889 0.191667 0.728704 0.190104 0.711111 0.192708 0.696296 0.197396 0.677778 0.209896 0.674074 0.216146 0.684259 0.221354 0.697222
23 0.235937 0.713889 0.242708 0.735185 0.257812 0.753704 0.267188 0.743519 0.273958 0.712963 0.269792 0.691667 0.263542 0.677778 0.251563 0.671296 0.241146 0.674074 0.233854 0.680556 0.231771 0.699074
23 0.092188 0.639815 0.115104 0.628704 0.137500 0.583333 0.151042 0.540741 0.169792 0.505556 0.188021 0.479630 0.213021 0.449074 0.232292 0.433333 0.250000 0.428704 0.275000 0.414815 0.281250 0.437037 0.263021 0.475000 0.246354 0.486111 0.228646 0.503704 0.212500 0.531481 0.203125 0.550000 0.191146 0.571296 0.177083 0.595370 0.160417 0.625926 0.147396 0.648148 0.131771 0.670370 0.112500 0.676852 0.091146 0.677778 0.084896 0.660185
23 0.638542 0.458333 0.636458 0.470370 0.636979 0.492593 0.645833 0.502778 0.656771 0.506481 0.668229 0.497222 0.671354 0.473148 0.669792 0.457407 0.662500 0.444444 0.652083 0.443519 0.644792 0.444444
23 0.397917 0.357407 0.399479 0.374074 0.406250 0.384259 0.418750 0.387963 0.427083 0.381481 0.430208 0.373148 0.430729 0.357407 0.429167 0.348148 0.422396 0.337037 0.411458 0.332407 0.402083 0.337037 0.400000 0.346296
25 0.422396 0.261111 0.403646 0.294444 0.395833 0.314815 0.397396 0.339815 0.410938 0.357407 0.422917 0.371296 0.433333 0.375000 0.441667 0.375000 0.449479 0.359259 0.459896 0.341667 0.472396 0.317593 0.489063 0.281481 0.501042 0.259259 0.514583 0.221296 0.514583 0.185185 0.530729 0.150000 0.519271 0.135185 0.504687 0.162037 0.490625 0.166667 0.476562 0.169444 0.463542 0.185185 0.451562 0.212037 0.441146 0.228704 0.429688 0.246296
23 0.423438 0.193519 0.425000 0.210185 0.429688 0.224074 0.436458 0.233333 0.443750 0.230556 0.450000 0.222222 0.455208 0.212963 0.460938 0.200926 0.462500 0.192593 0.459896 0.175926 0.450521 0.170370 0.443229 0.168519 0.434896 0.171296 0.428646 0.178704 0.427083 0.186111
23 0.917188 0.841667 0.914583 0.852778 0.916146 0.865741 0.918750 0.875000 0.923438 0.885185 0.932292 0.887963 0.940104 0.886111 0.946875 0.881481 0.950000 0.873148 0.951042 0.859259 0.950000 0.850926 0.947396 0.838889 0.945833 0.832407 0.940625 0.819444 0.932292 0.816667 0.925000 0.821296 0.922396 0.830556 0.919792 0.838889
23 0.601042 0.016667 0.602083 0.030556 0.603646 0.041667 0.609896 0.048148 0.617708 0.050926 0.624479 0.047222 0.629687 0.034259 0.628646 0.017593 0.626042 0.007407 0.620833 0.000000 0.614062 0.000000 0.609896 0.000000 0.603646 0.000926
23 0.784896 0.058333 0.792188 0.076852 0.804688 0.084259 0.817187 0.090741 0.829167 0.107407 0.845313 0.125926 0.864583 0.141667 0.881771 0.138889 0.875000 0.125926 0.858333 0.110185 0.847396 0.095370 0.834375 0.081481 0.823438 0.066667 0.808333 0.051852 0.797917 0.037963 0.791146 0.028704 0.788542 0.039815
0 0.447396 0.375000 0.447396 0.386111 0.450000 0.390741 0.453125 0.394444 0.457813 0.393519 0.463021 0.387037 0.468750 0.377778 0.473438 0.374074 0.480729 0.368519 0.483854 0.363889 0.483333 0.355556 0.477604 0.349074 0.471875 0.346296 0.466146 0.348148 0.460938 0.349074 0.457813 0.352778 0.455208 0.359259 0.451042 0.363889 0.449479 0.367593
33 0.693229 0.775926 0.693229 0.819444 0.684375 0.850000 0.673438 0.893519 0.703646 0.934259 0.759375 0.955556 0.821875 0.988889 0.894271 0.995370 0.907292 0.917593 0.913542 0.900926 0.887500 0.857407 0.837500 0.831481 0.802604 0.825926 0.760417 0.803704 0.734896 0.797222 0.715104 0.775000 0.692187 0.762963
31 0.971875 0.393519 0.960417 0.409259 0.957292 0.423148 0.954688 0.448148 0.963542 0.484259 0.978125 0.504630 0.998437 0.519444 0.998958 0.490741 0.984896 0.479630 0.973437 0.467593 0.970313 0.443519 0.977083 0.419444 0.992188 0.411111 0.997396 0.409259 0.997396 0.386111 0.987500 0.384259
31 0.385937 0.012963 0.389062 0.022222 0.400000 0.042593 0.410938 0.046296 0.418750 0.066667 0.434375 0.059259 0.429688 0.045370 0.453646 0.044444 0.454688 0.022222 0.439583 0.012963 0.423438 0.001852 0.422396 0.000000 0.368750 0.000000 0.373437 0.012963