23 0.112500 0.722222 0.135937 0.725926 0.152083 0.715741 0.170833 0.694444 0.192188 0.655556 0.208333 0.625926 0.225521 0.605556 0.239583 0.576852 0.251563 0.542593 0.261458 0.531481 0.283333 0.526852 0.293750 0.510185 0.306771 0.488889 0.308333 0.459259 0.300521 0.449074 0.281250 0.452778 0.263021 0.468519 0.235417 0.495370 0.214583 0.514815 0.203125 0.535185 0.188021 0.550926 0.171875 0.586111 0.161458 0.613889 0.151042 0.639815 0.143750 0.659259 0.133333 0.676852 0.120833 0.683333 0.108333 0.682407 0.101562 0.713889
23 0.242188 0.775926 0.236458 0.794444 0.232292 0.802778 0.226042 0.802778 0.218229 0.785185 0.216667 0.767593 0.222917 0.741667 0.233333 0.734259 0.241667 0.739815 0.244792 0.750926
23 0.261458 0.739815 0.258854 0.762963 0.263542 0.784259 0.273438 0.792593 0.285417 0.804630 0.294792 0.801852 0.300000 0.782407 0.297917 0.758333 0.286979 0.735185 0.273958 0.728704
23 0.278646 0.946296 0.279687 0.966667 0.284896 0.984259 0.299479 0.991667 0.312500 0.983333 0.319792 0.975000 0.325000 0.951852 0.320312 0.944444 0.309375 0.936111 0.297917 0.933333 0.289583 0.937037
23 0.679688 0.500000 0.674479 0.518519 0.673958 0.541667 0.682292 0.562037 0.696875 0.567593 0.706250 0.556481 0.710938 0.535185 0.711979 0.514815 0.704688 0.500926 0.692187 0.497222
23 0.430729 0.393519 0.430729 0.415741 0.435417 0.428704 0.443750 0.434259 0.454167 0.435185 0.466146 0.424074 0.466146 0.404630 0.460938 0.389815 0.451042 0.376852 0.439583 0.375926 0.432292 0.381481
25 0.432292 0.334259 0.451562 0.300926 0.475521 0.254630 0.496875 0.217593 0.508333 0.200000 0.518229 0.195370 0.531250 0.196296 0.539583 0.180556 0.552604 0.151852 0.560937 0.157407 0.564583 0.162037 0.555729 0.189815 0.547396 0.217593 0.548438 0.239815 0.547396 0.264815 0.537500 0.286111 0.526042 0.317593 0.513021 0.343519 0.502083 0.364815 0.490625 0.388889 0.476562 0.416667 0.466146 0.425926 0.454167 0.429630 0.445833 0.424074 0.435937 0.415741 0.429688 0.405556 0.426563 0.390741 0.426042 0.363889 0.428646 0.346296
23 0.467187 0.258333 0.460938 0.255556 0.457292 0.242593 0.456250 0.229630 0.458333 0.219444 0.459896 0.212963 0.467708 0.206481 0.476042 0.201852 0.483854 0.206481 0.492708 0.214815 0.492188 0.230556 0.487500 0.240741 0.482812 0.244444 0.476562 0.258333
23 0.030729 0.100000 0.028646 0.086111 0.029687 0.070370 0.034896 0.058333 0.041146 0.052778 0.048438 0.052778 0.053646 0.056481 0.059375 0.063889 0.060937 0.074074 0.060937 0.084259 0.056771 0.093519 0.050000 0.101852 0.041667 0.103704
23 0.824479 0.067593 0.825000 0.090741 0.832292 0.105556 0.851042 0.116667 0.872396 0.139815 0.889583 0.166667 0.910937 0.182407 0.926562 0.175000 0.907292 0.159259 0.889062 0.135185 0.878646 0.114815 0.866667 0.101852 0.845833 0.087963 0.835938 0.077778 0.828646 0.057407 0.826042 0.059259
23 0.639062 0.030556 0.636458 0.044444 0.638542 0.057407 0.643229 0.066667 0.651563 0.072222 0.661458 0.073148 0.670312 0.062037 0.668750 0.041667 0.664062 0.023148 0.655729 0.014815 0.645833 0.017593 0.638542 0.022222
23 0.962500 0.897222 0.956250 0.917593 0.956250 0.947222 0.964583 0.962037 0.978646 0.963889 0.986979 0.950926 0.990625 0.922222 0.984896 0.902778 0.978646 0.890741 0.968750 0.890741
31 0.392188 0.003704 0.396875 0.017593 0.404687 0.024074 0.417187 0.022222 0.417708 0.034259 0.423958 0.048148 0.433854 0.058333 0.444271 0.062037 0.456250 0.060185 0.464062 0.060185 0.478125 0.055556 0.482292 0.057407 0.484375 0.050926 0.478125 0.039815 0.466667 0.034259 0.453646 0.027778 0.436979 0.019444 0.431250 0.014815 0.422396 0.011111 0.413542 0.007407 0.408854 0.002778 0.405208 0.000926
0 0.480208 0.425000 0.482812 0.437037 0.487500 0.438889 0.492188 0.436111 0.495312 0.433333 0.498437 0.428704 0.501042 0.424074 0.507292 0.417593 0.513542 0.412037 0.518750 0.411111 0.518229 0.401852 0.516667 0.397222 0.513542 0.392593 0.509375 0.388889 0.503125 0.388889 0.498437 0.389815 0.492188 0.390741 0.490104 0.395370 0.486458 0.403704 0.482292 0.408333 0.479687 0.412963 0.481250 0.418519
33 0.747917 0.850000 0.803646 0.897222 0.866146 0.915741 0.953646 0.971296 0.939583 0.998148 0.755729 0.997222 0.731771 0.962037 0.719271 0.936111 0.722396 0.890741 0.730729 0.850926 0.738021 0.835185