41 0.998437 0.456481 0.911979 0.460185 0.900000 0.450926 0.883854 0.452778 0.869271 0.473148 0.846875 0.549074 0.845313 0.572222 0.852083 0.620370 0.869792 0.653704 0.884375 0.662037 0.898958 0.654630 0.899479 0.646296 0.999479 0.640741
36 0.743750 0.540741 0.710938 0.583333 0.705729 0.606481 0.747917 0.636111 0.755208 0.592593 0.763021 0.569444 0.763021 0.546296
1 0.750521 0.491667 0.756250 0.506481 0.789583 0.490741 0.787500 0.474074 0.778646 0.465741
34 0.407813 0.064815 0.401042 0.075926 0.405729 0.093519 0.415104 0.099074 0.412500 0.136111 0.420312 0.160185 0.428125 0.157407 0.421354 0.095370
0 0.789583 0.386111 0.776042 0.446296 0.781250 0.459259 0.792708 0.456481 0.807813 0.390741 0.800521 0.380556
48 0.338542 0.466667 0.350521 0.449074 0.378125 0.438889 0.379688 0.450926 0.356771 0.468519
48 0.330729 0.585185 0.347396 0.562963 0.369792 0.570370 0.371354 0.576852 0.348958 0.586111
48 0.164583 0.479630 0.165104 0.463889 0.177083 0.447222 0.182812 0.457407 0.174479 0.474074
48 0.807292 0.487963 0.828125 0.474074 0.847396 0.478704 0.861458 0.473148 0.860417 0.497222 0.845833 0.496296 0.827604 0.500926
48 0.405208 0.098148 0.400521 0.096296 0.396875 0.102778 0.396875 0.114815 0.404687 0.110185 0.409896 0.105556 0.409896 0.096296
48 0.441146 0.167593 0.436979 0.182407 0.438542 0.196296 0.443229 0.191667 0.446354 0.177778 0.449479 0.164815 0.446875 0.160185