41 0.998437 0.456481 0.911979 0.460185 0.900000 0.450926 0.883854 0.452778 0.869271 0.473148 0.846875 0.549074 0.845313 0.572222 0.852083 0.620370 0.869792 0.653704 0.884375 0.662037 0.898958 0.654630 0.899479 0.646296 0.999479 0.640741
36 0.703125 0.575926 0.665625 0.612037 0.656771 0.646296 0.690625 0.678704 0.697917 0.638889 0.716146 0.610185
1 0.691667 0.528704 0.697917 0.548148 0.730729 0.531481 0.723958 0.508333
0 0.711458 0.488889 0.728125 0.500000 0.743229 0.425926 0.731771 0.417593 0.721875 0.425000
34 0.510938 0.107407 0.507292 0.142593 0.515625 0.151852 0.522917 0.149074 0.519271 0.108333 0.513542 0.076852 0.505729 0.087037
48 0.738021 0.151852 0.750000 0.131481 0.768229 0.126852 0.767708 0.143519 0.752604 0.152778
48 0.579167 0.221296 0.591146 0.209259 0.604167 0.212963 0.603646 0.225926 0.591667 0.227778
48 0.510938 0.200926 0.519271 0.177778 0.533333 0.168519 0.536979 0.171296 0.525521 0.190741
48 0.267188 0.069444 0.277604 0.055556 0.292187 0.053704 0.296354 0.062963 0.282813 0.072222
48 0.004687 0.381481 0.019792 0.367593 0.034375 0.375926 0.032292 0.385185 0.016667 0.389815
48 0.106771 0.256481 0.108854 0.240741 0.116667 0.233333 0.119271 0.237037 0.115104 0.252778
48 0.502083 0.100000 0.497396 0.109259 0.488542 0.119444 0.482292 0.118519 0.480729 0.108333 0.486979 0.096296 0.496354 0.087037 0.503125 0.081481 0.506771 0.081481 0.507812 0.086111 0.509375 0.090741 0.507812 0.095370
48 0.552083 0.147222 0.548438 0.152778 0.546875 0.160185 0.548438 0.170370 0.551562 0.167593 0.553646 0.157407 0.557813 0.150926 0.555729 0.147222