41 0.998437 0.456481 0.911979 0.460185 0.900000 0.450926 0.883854 0.452778 0.869271 0.473148 0.846875 0.549074 0.845313 0.572222 0.852083 0.620370 0.869792 0.653704 0.884375 0.662037 0.898958 0.654630 0.899479 0.646296 0.999479 0.640741
36 0.496875 0.500000 0.487500 0.479630 0.473438 0.469444 0.465104 0.478704 0.458333 0.495370 0.448437 0.523148 0.452604 0.541667 0.465625 0.552778 0.483333 0.545370 0.493229 0.528704
1 0.458854 0.399074 0.452604 0.404630 0.453646 0.418519 0.470313 0.429630 0.478646 0.422222 0.475521 0.411111
0 0.458333 0.324074 0.453646 0.374074 0.460938 0.389815 0.468750 0.376852 0.470833 0.328704 0.465625 0.316667
34 0.773958 0.074074 0.781250 0.100000 0.768750 0.155556 0.775000 0.173148 0.780729 0.173148 0.785417 0.164815 0.785937 0.099074 0.793750 0.077778 0.782813 0.061111
48 0.751042 0.037963 0.759896 0.023148 0.780729 0.025000 0.779687 0.036111 0.763542 0.042593
48 0.487500 0.053704 0.500000 0.041667 0.511979 0.051852 0.499479 0.056481
48 0.099479 0.100000 0.093750 0.094444 0.088021 0.097222 0.086979 0.104630 0.092188 0.110185 0.101042 0.110185 0.105208 0.106481 0.103646 0.099074
48 0.208333 0.059259 0.202604 0.062963 0.200521 0.070370 0.201563 0.080556 0.207813 0.078704 0.213542 0.070370 0.219792 0.070370 0.215625 0.056481
48 0.131250 0.018519 0.127083 0.015741 0.122917 0.016667 0.122396 0.023148 0.127604 0.027778 0.135937 0.029630 0.135937 0.018519
48 0.534896 0.085185 0.528646 0.091667 0.525521 0.100926 0.527083 0.106481 0.536979 0.101852 0.544271 0.093519 0.540104 0.081481