41 0.998437 0.456481 0.911979 0.460185 0.900000 0.450926 0.883854 0.452778 0.869271 0.473148 0.846875 0.549074 0.845313 0.572222 0.852083 0.620370 0.869792 0.653704 0.884375 0.662037 0.898958 0.654630 0.899479 0.646296 0.999479 0.640741
0 0.453125 0.416667 0.463542 0.407407 0.469792 0.417593 0.468229 0.475000 0.457292 0.484259 0.451042 0.477778
1 0.448437 0.508333 0.451042 0.495370 0.456250 0.492593 0.476042 0.501852 0.473958 0.514815 0.467708 0.521296
36 0.468750 0.575000 0.451562 0.580556 0.443229 0.618519 0.443229 0.633333 0.452604 0.655556 0.467187 0.660185 0.488542 0.642593 0.488542 0.610185 0.496875 0.581481 0.491146 0.562963 0.477083 0.570370
34 0.738021 0.156481 0.743750 0.178704 0.731250 0.230556 0.739062 0.246296 0.748958 0.250000 0.751042 0.184259 0.755729 0.156481 0.745833 0.147222
48 0.909375 0.054630 0.921354 0.038889 0.939063 0.043519 0.939063 0.056481 0.922396 0.060185
48 0.614583 0.043519 0.625000 0.051852 0.638542 0.040741 0.624479 0.030556
48 0.175521 0.055556 0.182292 0.072222 0.198437 0.067593 0.185417 0.051852
48 0.161458 0.175926 0.164583 0.160185 0.177083 0.156481 0.172917 0.173148
48 0.470313 0.174074 0.475000 0.156481 0.486979 0.144444 0.481250 0.168519
48 0.072917 0.095370 0.083854 0.083333 0.095833 0.093519 0.083854 0.103704
48 0.718750 0.044444 0.714063 0.050000 0.716146 0.058333 0.723958 0.055556 0.731250 0.047222 0.728125 0.035185
48 0.055208 0.177778 0.050000 0.180556 0.045833 0.187963 0.045833 0.198148 0.056771 0.191667 0.062500 0.183333 0.059896 0.174074
48 0.596875 0.210185 0.583854 0.212037 0.580729 0.220370 0.585417 0.226852 0.599479 0.223148 0.606250 0.217593 0.603646 0.205556