41 0.998437 0.456481 0.911979 0.460185 0.900000 0.450926 0.883854 0.452778 0.869271 0.473148 0.846875 0.549074 0.845313 0.572222 0.852083 0.620370 0.869792 0.653704 0.884375 0.662037 0.898958 0.654630 0.899479 0.646296 0.999479 0.640741
0 0.565625 0.528704 0.564063 0.597222 0.571875 0.609259 0.583854 0.609259 0.584896 0.592593 0.586979 0.524074 0.575521 0.511111
1 0.542188 0.650000 0.550000 0.673148 0.585417 0.637037 0.575521 0.612037
36 0.554167 0.694444 0.528125 0.726852 0.517188 0.774074 0.532292 0.792593 0.558854 0.800926 0.564583 0.783333 0.565625 0.742593 0.572917 0.717593 0.567187 0.694444
34 0.197396 0.139815 0.213542 0.158333 0.213542 0.201852 0.220833 0.214815 0.232292 0.210185 0.236458 0.200926 0.216667 0.136111 0.202083 0.109259 0.195312 0.128704
48 0.012500 0.760185 0.018229 0.773148 0.039062 0.761111 0.060417 0.747222 0.060937 0.731481 0.044792 0.719444 0.035937 0.743519
48 0.445833 0.274074 0.447917 0.287963 0.476042 0.268519 0.462500 0.258333
48 0.447917 0.037037 0.458333 0.032407 0.466146 0.048148 0.453125 0.051852
48 0.130729 0.443519 0.145313 0.462037 0.164583 0.456481 0.163021 0.444444 0.147396 0.436111
48 0.545312 0.148148 0.536979 0.145370 0.533333 0.152778 0.532813 0.162963 0.540104 0.162963 0.549479 0.157407 0.551562 0.150926 0.547917 0.143519
48 0.711458 0.069444 0.715104 0.068519 0.722917 0.067593 0.722396 0.055556 0.717187 0.049074 0.710417 0.050000 0.706250 0.053704 0.705208 0.061111
27 0.443750 0.516667 0.443750 0.530556 0.455729 0.532407 0.457292 0.524074 0.455208 0.510185 0.449479 0.514815