41 0.998437 0.456481 0.911979 0.460185 0.900000 0.450926 0.883854 0.452778 0.869271 0.473148 0.846875 0.549074 0.845313 0.572222 0.852083 0.620370 0.869792 0.653704 0.884375 0.662037 0.898958 0.654630 0.899479 0.646296 0.999479 0.640741
0 0.565104 0.506481 0.566667 0.559259 0.570312 0.580556 0.581250 0.575926 0.583854 0.558333 0.582292 0.499074 0.571875 0.488889
1 0.563021 0.583333 0.577083 0.586111 0.579688 0.597222 0.567708 0.644444 0.558854 0.645370 0.552083 0.636111
36 0.544792 0.673148 0.532813 0.703704 0.521875 0.739815 0.517708 0.765741 0.529687 0.768519 0.540104 0.766667 0.546875 0.790741 0.557813 0.787963 0.563021 0.770370 0.565625 0.695370 0.561979 0.676852 0.555729 0.673148
34 0.002604 0.258333 0.028125 0.325000 0.020833 0.337963 0.007292 0.337963 0.002604 0.336111
48 0.452604 0.337037 0.463542 0.316667 0.479687 0.312037 0.470833 0.332407
48 0.484896 0.333333 0.492708 0.321296 0.511979 0.311111 0.512500 0.325000 0.495833 0.337037
48 0.358333 0.213889 0.364583 0.203704 0.373958 0.208333 0.367188 0.221296
48 0.407813 0.166667 0.413021 0.151852 0.428125 0.152778 0.420312 0.169444
48 0.447396 0.056481 0.456250 0.062963 0.462500 0.051852 0.452604 0.038889
48 0.580208 0.131481 0.592708 0.118519 0.603646 0.131481 0.591146 0.140741
27 0.373437 0.575000 0.377083 0.590741 0.395833 0.587037 0.385937 0.562963 0.381771 0.563889 0.377083 0.565741