48 0.050000 0.470370 0.063542 0.446296 0.072396 0.442593 0.077604 0.453704 0.068750 0.461111 0.059896 0.488889 0.047396 0.490741
48 0.118750 0.806481 0.127083 0.775000 0.138542 0.769444 0.146875 0.746296 0.148438 0.763889 0.157292 0.768519 0.145833 0.780556 0.133333 0.807407 0.126042 0.817593
48 0.246354 0.769444 0.249479 0.744444 0.259375 0.737037 0.268750 0.712037 0.269792 0.726852 0.277604 0.729630 0.267188 0.749074 0.257292 0.775926 0.245833 0.782407
48 0.688542 0.600000 0.695833 0.573148 0.709375 0.562037 0.714583 0.555556 0.721354 0.544444 0.718750 0.566667 0.731250 0.558333 0.719792 0.577778 0.706771 0.596296 0.694792 0.610185
48 0.520833 0.477778 0.528646 0.453704 0.543750 0.447222 0.556250 0.436111 0.551562 0.452778 0.561458 0.457407 0.547396 0.462963 0.535937 0.481481
48 0.185417 0.786111 0.201042 0.772222 0.208854 0.781481 0.216146 0.768519 0.214583 0.781481 0.219792 0.782407 0.209896 0.797222 0.194792 0.801852 0.184375 0.797222
48 0.890104 0.800926 0.902083 0.775926 0.919271 0.763889 0.925000 0.759259 0.932813 0.737037 0.937500 0.748148 0.933854 0.755556 0.944271 0.751852 0.939583 0.767593 0.929167 0.779630 0.915625 0.808333 0.903125 0.823148 0.890625 0.823148
48 0.818229 0.581481 0.824479 0.568519 0.832292 0.566667 0.838021 0.550926 0.839583 0.563889 0.845833 0.565741 0.838021 0.575000 0.828646 0.587963 0.819271 0.592593
48 0.448437 0.562037 0.456250 0.568519 0.464583 0.562037 0.471354 0.559259 0.468229 0.555556 0.470833 0.545370 0.464062 0.547222 0.452083 0.546296 0.445833 0.555556
48 0.559375 0.711111 0.563542 0.696296 0.570833 0.692593 0.571875 0.681481 0.575521 0.688889 0.579688 0.688889 0.573438 0.700926 0.566146 0.719444 0.558333 0.719444
48 0.303125 0.586111 0.301563 0.600000 0.310937 0.612963 0.320833 0.611111 0.313542 0.590741 0.303646 0.580556
48 0.556250 0.211111 0.557292 0.189815 0.567187 0.178704 0.572917 0.162037 0.573958 0.175000 0.580208 0.170370 0.573958 0.188889 0.565104 0.207407 0.557292 0.217593
48 0.609896 0.358333 0.619792 0.339815 0.625000 0.335185 0.633333 0.319444 0.633333 0.333333 0.638542 0.330556 0.629687 0.346296 0.621875 0.362037 0.613542 0.370370
48 0.828125 0.308333 0.835938 0.284259 0.843750 0.278704 0.852083 0.268519 0.848437 0.281481 0.858333 0.281481 0.844792 0.295370 0.839583 0.313889 0.831771 0.322222 0.826562 0.317593
48 0.189583 0.412963 0.185417 0.412963 0.180208 0.417593 0.179688 0.426852 0.181771 0.429630 0.188021 0.425926 0.192188 0.419444 0.199479 0.414815 0.197917 0.410185 0.193750 0.412963 0.195833 0.403704 0.193229 0.405556
48 0.177083 0.497222 0.174479 0.502778 0.173437 0.513889 0.173958 0.525000 0.176563 0.524074 0.179688 0.516667 0.181250 0.502778 0.183854 0.490741 0.181250 0.488889 0.179688 0.492593 0.178646 0.484259 0.176042 0.486111
48 0.234896 0.611111 0.229687 0.611111 0.225000 0.619444 0.223958 0.627778 0.226042 0.630556 0.232292 0.627778 0.236979 0.619444 0.238021 0.614815 0.243229 0.610185 0.238542 0.603704
48 0.464583 0.411111 0.468750 0.419444 0.474479 0.423148 0.476042 0.417593 0.472396 0.403704 0.466667 0.396296 0.461979 0.397222 0.462500 0.403704
48 0.540625 0.643519 0.534896 0.643519 0.530729 0.652778 0.528125 0.663889 0.532292 0.667593 0.540625 0.662037 0.544792 0.652778 0.546354 0.644444 0.543750 0.638889
48 0.572396 0.606481 0.579688 0.614815 0.583333 0.612963 0.579167 0.600000 0.573958 0.595370 0.569271 0.592593 0.566146 0.600926
48 0.386979 0.680556 0.381250 0.679630 0.376042 0.686111 0.375521 0.696296 0.379688 0.702778 0.387500 0.700000 0.390625 0.694444 0.396354 0.691667 0.393750 0.686111 0.391146 0.687037 0.392708 0.680556 0.389583 0.677778
48 0.706771 0.345370 0.702083 0.348148 0.700000 0.357407 0.698438 0.368519 0.700521 0.375000 0.705208 0.370370 0.707812 0.357407 0.715104 0.348148 0.714583 0.342593 0.710938 0.346296 0.712500 0.337963 0.709896 0.337963
48 0.815625 0.478704 0.812500 0.482407 0.811458 0.495370 0.811979 0.502778 0.817187 0.495370 0.819271 0.485185 0.823438 0.475000 0.817187 0.470370
48 0.876042 0.657407 0.879687 0.662037 0.882812 0.673148 0.881250 0.677778 0.875000 0.675926 0.867708 0.666667 0.867188 0.654630 0.869792 0.650000
48 0.927604 0.418519 0.923438 0.420370 0.918750 0.429630 0.917188 0.450000 0.920833 0.458333 0.928646 0.450000 0.935417 0.425926 0.942187 0.418519 0.937500 0.415741 0.936458 0.412037 0.931250 0.412963 0.928125 0.418519
48 0.919792 0.386111 0.920312 0.407407 0.926562 0.414815 0.940104 0.412963 0.939583 0.395370 0.933333 0.385185 0.923438 0.379630
48 0.118750 0.100000 0.114583 0.108333 0.115104 0.117593 0.119792 0.117593 0.125521 0.109259 0.129688 0.092593 0.127083 0.087037 0.122396 0.087037
48 0.066146 0.613889 0.063021 0.628704 0.065625 0.630556 0.072396 0.626852 0.075521 0.617593 0.075521 0.604630 0.070833 0.603704 0.068229 0.609259
48 0.937500 0.619444 0.937500 0.633333 0.941146 0.640741 0.946354 0.641667 0.948958 0.628704 0.945833 0.614815 0.941667 0.606481 0.935937 0.607407
48 0.540625 0.325926 0.537500 0.325926 0.539062 0.338889 0.545312 0.339815 0.551042 0.335185 0.551042 0.325926 0.548438 0.322222 0.544792 0.320370
48 0.940625 0.090741 0.935937 0.095370 0.934896 0.101852 0.935417 0.111111 0.939583 0.109259 0.944792 0.101852 0.948438 0.095370 0.949479 0.086111 0.946875 0.084259 0.943229 0.080556 0.942187 0.085185
48 0.327604 0.407407 0.327083 0.414815 0.328125 0.421296 0.331250 0.422222 0.333333 0.412037 0.332292 0.400926 0.328646 0.392593 0.326042 0.392593 0.327083 0.400000
48 0.309896 0.831481 0.309896 0.848148 0.312500 0.861111 0.315104 0.846296 0.313542 0.832407 0.312500 0.825000 0.307812 0.824074