48 0.126562 0.322222 0.129688 0.288889 0.140625 0.271296 0.146354 0.247222 0.152083 0.258333 0.154688 0.262037 0.145313 0.282407 0.141667 0.313889 0.130208 0.332407
48 0.727604 0.256481 0.731250 0.230556 0.735938 0.217593 0.738542 0.195370 0.741667 0.205556 0.744271 0.208333 0.741667 0.228704 0.741146 0.247222 0.739583 0.263889 0.733333 0.275000
48 0.448958 0.487963 0.460938 0.450926 0.464583 0.407407 0.478125 0.429630 0.473438 0.462963 0.475000 0.501852 0.470833 0.533333 0.453646 0.550926 0.448958 0.512963
48 0.405729 0.562963 0.402083 0.566667 0.399479 0.575926 0.397917 0.587963 0.398438 0.594444 0.404167 0.593519 0.410938 0.588889 0.416146 0.577778 0.417708 0.568519 0.421875 0.563889 0.419792 0.559259 0.416667 0.562963 0.418750 0.552778 0.415625 0.549074 0.413021 0.559259
48 0.200000 0.713889 0.195312 0.718519 0.194792 0.726852 0.193750 0.739815 0.195833 0.747222 0.201042 0.744444 0.206771 0.737037 0.207292 0.728704 0.209375 0.717593 0.211979 0.712963 0.209375 0.708333 0.206771 0.711111 0.206250 0.697222 0.203125 0.697222 0.202604 0.711111
48 0.835938 0.016667 0.834375 0.023148 0.833333 0.032407 0.834375 0.041667 0.837500 0.044444 0.840104 0.037037 0.842708 0.028704 0.843750 0.013889 0.846875 0.003704 0.840625 0.000000 0.839583 0.008333
48 0.795312 0.055556 0.792708 0.061111 0.792188 0.070370 0.792188 0.079630 0.793750 0.084259 0.798438 0.077778 0.801042 0.066667 0.803125 0.056481 0.805208 0.044444 0.799479 0.040741 0.798438 0.050000
48 0.750521 0.082407 0.749479 0.071296 0.753646 0.069444 0.756771 0.073148 0.757812 0.077778 0.754687 0.085185 0.757292 0.097222 0.758333 0.108333 0.757812 0.116667 0.753646 0.114815 0.751042 0.102778 0.748958 0.092593
48 0.557292 0.900926 0.544792 0.897222 0.547396 0.902778 0.552083 0.907407 0.545833 0.909259 0.547396 0.914815 0.554688 0.912963 0.559375 0.914815 0.561458 0.925000 0.568229 0.928704 0.571354 0.920370 0.568750 0.908333 0.564063 0.900000
48 0.689063 0.841667 0.684896 0.841667 0.684896 0.835185 0.686979 0.834259 0.684896 0.829630 0.683854 0.825926 0.688021 0.826852 0.691146 0.828704 0.697396 0.826852 0.702083 0.832407 0.706250 0.839815 0.704688 0.848148 0.702083 0.848148 0.697396 0.850926 0.693750 0.849074 0.695833 0.846296 0.692187 0.844444 0.692187 0.844444
48 0.497396 0.744444 0.492188 0.746296 0.488542 0.742593 0.490625 0.735185 0.495833 0.733333 0.501042 0.733333 0.504687 0.735185 0.510417 0.735185 0.511458 0.746296 0.505729 0.746296
48 0.977083 0.688889 0.973437 0.686111 0.967187 0.688889 0.962500 0.693519 0.962500 0.700926 0.967187 0.706481 0.976042 0.707407 0.982292 0.700000 0.991667 0.698148 0.984896 0.678704 0.979688 0.686111
48 0.760417 0.285185 0.758333 0.291667 0.757292 0.301852 0.758333 0.310185 0.761458 0.308333 0.763542 0.303704 0.764583 0.291667 0.768229 0.284259 0.767188 0.278704 0.762500 0.275000
48 0.257292 0.556481 0.252083 0.560185 0.247917 0.566667 0.245833 0.575926 0.251042 0.577778 0.257292 0.572222 0.262500 0.564815 0.265625 0.557407 0.260937 0.550926
48 0.039583 0.331481 0.035937 0.337037 0.035417 0.348148 0.036979 0.353704 0.041667 0.345370 0.043750 0.336111 0.045833 0.330556 0.041667 0.325000
48 0.256250 0.457407 0.253646 0.462037 0.254167 0.475926 0.257292 0.481481 0.260417 0.475926 0.260417 0.462963 0.263542 0.450926 0.257292 0.448148
48 0.546354 0.475000 0.543750 0.479630 0.542708 0.487963 0.543750 0.492593 0.547396 0.491667 0.551042 0.484259 0.550000 0.479630 0.552083 0.472222 0.548438 0.469444
48 0.525521 0.759259 0.520833 0.761111 0.521875 0.768519 0.524479 0.766667 0.522917 0.771296 0.525521 0.773148 0.528125 0.766667 0.532813 0.764815 0.534375 0.757407 0.531771 0.753704 0.528646 0.754630 0.526563 0.755556
48 0.416146 0.816667 0.412500 0.812963 0.408854 0.815741 0.406771 0.820370 0.406250 0.829630 0.409896 0.829630 0.410938 0.833333 0.414062 0.832407 0.415104 0.827778 0.422396 0.825926 0.421875 0.814815
48 0.295312 0.574074 0.293229 0.577778 0.292187 0.584259 0.293229 0.590741 0.295833 0.590741 0.298438 0.586111 0.299479 0.577778 0.301042 0.571296 0.296354 0.567593
48 0.423438 0.480556 0.420833 0.484259 0.419271 0.489815 0.419271 0.495370 0.422917 0.498148 0.427083 0.490741 0.432292 0.487037 0.429688 0.475000 0.427083 0.475000
48 0.282292 0.059259 0.287500 0.064815 0.291667 0.062963 0.292187 0.056481 0.287500 0.048148 0.282292 0.046296 0.277604 0.041667 0.275000 0.052778
48 0.241667 0.187963 0.239583 0.192593 0.239583 0.198148 0.241146 0.203704 0.243750 0.201852 0.246354 0.194444 0.247917 0.186111 0.243750 0.180556
48 0.267708 0.279630 0.265104 0.280556 0.263542 0.284259 0.262500 0.288889 0.263542 0.291667 0.267708 0.291667 0.270833 0.290741 0.277604 0.289815 0.276042 0.279630 0.274479 0.279630 0.272396 0.280556
48 0.627083 0.346296 0.626042 0.350000 0.626563 0.355556 0.627604 0.361111 0.629687 0.362037 0.631771 0.357407 0.632812 0.350926 0.634896 0.347222 0.632292 0.342593 0.631250 0.342593 0.629687 0.346296
48 0.369792 0.379630 0.376563 0.384259 0.379688 0.379630 0.376563 0.370370 0.370833 0.368519 0.367188 0.372222
48 0.329688 0.421296 0.328125 0.430556 0.331250 0.437963 0.335938 0.433333 0.337500 0.420370 0.334896 0.414815
48 0.031250 0.481481 0.026042 0.484259 0.025000 0.497222 0.028125 0.498148 0.033333 0.492593 0.035937 0.483333
48 0.041146 0.037963 0.035937 0.039815 0.033333 0.048148 0.035937 0.051852 0.043229 0.048148 0.046354 0.041667 0.043750 0.035185