48 0.802083 0.567593 0.816667 0.552778 0.828646 0.563889 0.838021 0.573148 0.840625 0.586111 0.835938 0.599074 0.827604 0.593519 0.807813 0.588889 0.798438 0.580556
48 0.787500 0.940741 0.793750 0.918519 0.806771 0.929630 0.817708 0.921296 0.819792 0.935185 0.820833 0.947222 0.806771 0.955556 0.793750 0.955556
48 0.527083 0.877778 0.544271 0.886111 0.556250 0.893519 0.561979 0.883333 0.554688 0.869444 0.550521 0.870370 0.536458 0.856481 0.525000 0.861111
48 0.626042 0.973148 0.641146 0.954630 0.650521 0.957407 0.661458 0.948148 0.661458 0.961111 0.664062 0.973148 0.653646 0.975000 0.634375 0.980556 0.622917 0.984259
48 0.688021 0.628704 0.702083 0.619444 0.710938 0.619444 0.708854 0.612963 0.706771 0.611111 0.706250 0.600926 0.703646 0.606481 0.691146 0.607407 0.681771 0.622222
48 0.435937 0.790741 0.451042 0.793519 0.461458 0.790741 0.460938 0.771296 0.451042 0.775000 0.442708 0.770370 0.431250 0.779630 0.433333 0.784259
48 0.538542 0.691667 0.547396 0.698148 0.556250 0.697222 0.554688 0.683333 0.547396 0.677778 0.538542 0.676852 0.532813 0.676852
48 0.123438 0.270370 0.117188 0.281481 0.117188 0.290741 0.122396 0.292593 0.127604 0.286111 0.133333 0.277778 0.141146 0.273148 0.136979 0.254630 0.132292 0.262963
48 0.020833 0.406481 0.017188 0.408333 0.016667 0.418519 0.020833 0.429630 0.025521 0.432407 0.028646 0.438889 0.033333 0.430556 0.029687 0.425926 0.027083 0.418519
48 0.352083 0.832407 0.346875 0.832407 0.344271 0.839815 0.342187 0.852778 0.345833 0.857407 0.351042 0.855556 0.355729 0.847222 0.357292 0.840741 0.362500 0.834259 0.358333 0.822222
48 0.344792 0.690741 0.339583 0.692593 0.336979 0.698148 0.335938 0.706481 0.339583 0.708333 0.345313 0.705556 0.349479 0.700000 0.352083 0.695370 0.349479 0.686111
48 0.063021 0.896296 0.059375 0.896296 0.053646 0.900926 0.053125 0.912037 0.058333 0.912963 0.063542 0.908333 0.071354 0.901852 0.067708 0.888889
48 0.964583 0.567593 0.960938 0.568519 0.957292 0.573148 0.958333 0.581481 0.966667 0.590741 0.972396 0.587037 0.972917 0.576852 0.969271 0.573148
48 0.039062 0.337963 0.035937 0.338889 0.032813 0.335185 0.032292 0.328704 0.034896 0.324074 0.038021 0.324074 0.041146 0.327778 0.044271 0.333333 0.043750 0.338889
48 0.074479 0.397222 0.071354 0.392593 0.068750 0.387963 0.068750 0.380556 0.071354 0.377778 0.076042 0.384259 0.079167 0.392593 0.079687 0.398148 0.076563 0.401852
48 0.085938 0.490741 0.084896 0.492593 0.084375 0.497222 0.087500 0.502778 0.092708 0.510185 0.095312 0.503704 0.092188 0.497222 0.089583 0.494444
48 0.303646 0.550000 0.301042 0.543519 0.297396 0.544444 0.297396 0.537037 0.300000 0.529630 0.302083 0.529630 0.306250 0.534259 0.307812 0.540741 0.309375 0.547222 0.310937 0.556481 0.307292 0.557407
48 0.169271 0.735185 0.163542 0.739815 0.163542 0.748148 0.168750 0.750926 0.176042 0.748148 0.180729 0.744444 0.178646 0.737037
48 0.132292 0.665741 0.135937 0.670370 0.141146 0.668519 0.142187 0.662037 0.136979 0.657407 0.131250 0.657407 0.127083 0.657407 0.127083 0.665741
48 0.107292 0.626852 0.110937 0.633333 0.110937 0.639815 0.108333 0.644444 0.104688 0.641667 0.102083 0.635185 0.102083 0.625000 0.104688 0.623148
48 0.157292 0.528704 0.153646 0.530556 0.152083 0.535185 0.152083 0.541667 0.156771 0.542593 0.160938 0.537963 0.163542 0.533333 0.159896 0.525926
31 0.900521 0.012963 0.898438 0.035185 0.892188 0.072222 0.889583 0.088889 0.886979 0.130556 0.881250 0.212037 0.878646 0.248148 0.875000 0.303704 0.871354 0.345370 0.868750 0.377778 0.863021 0.398148 0.858333 0.419444 0.850521 0.455556 0.843229 0.495370 0.833333 0.551852 0.827083 0.601852 0.820833 0.644444 0.814583 0.701852 0.810937 0.737037 0.806250 0.769444 0.798958 0.829630 0.795312 0.852778 0.792708 0.873148 0.783854 0.916667 0.773438 0.963889 0.766146 0.999074 0.770312 0.999074 0.783333 0.944444 0.794792 0.888889 0.802083 0.843519 0.814583 0.744444 0.819792 0.701852 0.825521 0.646296 0.831771 0.601852 0.840104 0.550000 0.848437 0.500000 0.856250 0.457407 0.864583 0.418519 0.870313 0.395370 0.873958 0.378704 0.877083 0.343519 0.881250 0.288889 0.885417 0.237037 0.891146 0.141667 0.893750 0.118519 0.894792 0.095370 0.899479 0.068519 0.904687 0.034259 0.908333 0.003704 0.909896 0.000000 0.903646 0.000000
48 0.053646 0.474074 0.051042 0.470370 0.048438 0.473148 0.046875 0.479630 0.050000 0.482407 0.056250 0.482407 0.057292 0.475926
48 0.138542 0.506481 0.134375 0.506481 0.130729 0.509259 0.129688 0.514815 0.133333 0.519444 0.141146 0.516667 0.142708 0.509259
48 0.050521 0.551852 0.056250 0.547222 0.056250 0.539815 0.053125 0.539815 0.048958 0.541667 0.047917 0.548148
48 0.100000 0.542593 0.096875 0.537037 0.094271 0.537963 0.093229 0.545370 0.096875 0.550926 0.100000 0.552778 0.102604 0.549074
48 0.093750 0.601852 0.096875 0.604630 0.101042 0.604630 0.101042 0.597222 0.096875 0.595370 0.092188 0.595370 0.091146 0.599074
48 0.082292 0.559259 0.077604 0.558333 0.076042 0.562963 0.078646 0.567593 0.083333 0.569444 0.084896 0.564815
48 0.073438 0.491667 0.077083 0.494444 0.079167 0.488889 0.076563 0.484259 0.073438 0.483333 0.070833 0.487037
48 0.063542 0.655556 0.067708 0.659259 0.073438 0.657407 0.073438 0.648148 0.066667 0.646296 0.063021 0.648148 0.062500 0.651852
48 0.146354 0.546296 0.142708 0.543519 0.139583 0.543519 0.138542 0.547222 0.141146 0.551852 0.146354 0.555556 0.148438 0.551852
48 0.214583 0.537963 0.209896 0.537963 0.207292 0.541667 0.210417 0.547222 0.215625 0.550000 0.216667 0.544444
48 0.025000 0.627778 0.020833 0.626852 0.018750 0.629630 0.018229 0.636111 0.020313 0.639815 0.025521 0.637037 0.029167 0.633333 0.028125 0.628704
48 0.190104 0.661111 0.185938 0.659259 0.184896 0.652778 0.187500 0.650926 0.191667 0.652778 0.193750 0.657407 0.193750 0.662963 0.192188 0.664815