25 0.626563 0.737963 0.623437 0.746296 0.622917 0.762037 0.625000 0.769444 0.664583 0.786111 0.669792 0.777778 0.671354 0.763889 0.666146 0.752778
33 0.656250 0.678704 0.654167 0.686111 0.655208 0.699074 0.688542 0.705556 0.694271 0.701852 0.695833 0.689815 0.690625 0.675000 0.657292 0.674074
33 0.627604 0.702778 0.634375 0.709259 0.640104 0.720370 0.642708 0.729630 0.614062 0.762963 0.605729 0.756481 0.598958 0.742593
33 0.579688 0.694444 0.581250 0.707407 0.592187 0.723148 0.609896 0.703704 0.620313 0.702778 0.619271 0.687963 0.609375 0.677778 0.597396 0.679630 0.587500 0.686111
30 0.518750 0.719444 0.515104 0.735185 0.516146 0.758333 0.521875 0.781481 0.534896 0.789815 0.552083 0.781481 0.568750 0.780556 0.575000 0.762963 0.577083 0.741667 0.561458 0.735185 0.550000 0.722222 0.532292 0.712037
25 0.435937 0.692593 0.435417 0.712037 0.438021 0.735185 0.448958 0.732407 0.447917 0.706481 0.442708 0.691667
27 0.628125 0.689815 0.683333 0.659259 0.684375 0.634259 0.679167 0.614815 0.673438 0.600000 0.666667 0.588889 0.649479 0.594444 0.623958 0.607407 0.606771 0.613889 0.603646 0.618519 0.600521 0.636111 0.598958 0.651852 0.608333 0.650926 0.615104 0.656481 0.604167 0.662037 0.600521 0.669444 0.605729 0.676852 0.620833 0.671296 0.623958 0.676852 0.622917 0.689815
23 0.553125 0.601852 0.554167 0.618519 0.544792 0.618519 0.540104 0.624074 0.538542 0.641667 0.548958 0.634259 0.558854 0.631481 0.563021 0.624074 0.560937 0.608333 0.559896 0.597222 0.556250 0.596296
23 0.562500 0.590741 0.564063 0.604630 0.562500 0.612963 0.563021 0.620370 0.569271 0.615741 0.571875 0.599074 0.569271 0.590741 0.566667 0.587963
25 0.542188 0.646296 0.538021 0.672222 0.542708 0.682407 0.549479 0.682407 0.552083 0.669444 0.554688 0.648148 0.552604 0.640741 0.550521 0.635185 0.546875 0.635185 0.544792 0.643519
33 0.509375 0.711111 0.536458 0.710185 0.538542 0.687037 0.511979 0.679630 0.506771 0.697222
33 0.520833 0.679630 0.531250 0.674074 0.539062 0.660185 0.533854 0.637037 0.525000 0.635185 0.515625 0.647222 0.515625 0.668519
25 0.420312 0.892593 0.422917 0.918519 0.438542 0.917593 0.464062 0.902778 0.461979 0.882407 0.423958 0.888889