25 0.399479 0.848148 0.397396 0.869444 0.403125 0.887963 0.454167 0.861111 0.454167 0.841667 0.438021 0.835185
25 0.427604 0.600926 0.427604 0.624074 0.431250 0.659259 0.443750 0.651852 0.444271 0.625926 0.438021 0.603704 0.434375 0.596296
25 0.674479 0.652778 0.671354 0.675000 0.673438 0.694444 0.704167 0.705556 0.728646 0.718519 0.735417 0.688889 0.726042 0.665741
33 0.705208 0.580556 0.708333 0.610185 0.763542 0.619444 0.768750 0.602778 0.758333 0.581481
33 0.611979 0.599074 0.612500 0.619444 0.618750 0.614815 0.622917 0.636111 0.645312 0.622222 0.664583 0.612963 0.665104 0.600000 0.659896 0.584259 0.650000 0.580556
33 0.638021 0.650000 0.651042 0.685185 0.671875 0.670370 0.673958 0.655556 0.686458 0.653704 0.693229 0.644444 0.692187 0.623148 0.681771 0.613889 0.670312 0.614815
33 0.690104 0.604630 0.690625 0.625000 0.696875 0.637037 0.739583 0.655556 0.743750 0.643519 0.738542 0.625926 0.727604 0.616667
25 0.575521 0.533333 0.579688 0.554630 0.572396 0.594444 0.557292 0.580556 0.560937 0.546296 0.570312 0.531481
33 0.589063 0.517593 0.584896 0.536111 0.585417 0.556481 0.606771 0.555556 0.626563 0.559259 0.632812 0.544444 0.629687 0.524074
27 0.715625 0.478704 0.734375 0.500926 0.740104 0.518519 0.746354 0.553704 0.742708 0.579630 0.721875 0.573148 0.692708 0.590741 0.672396 0.600000 0.656771 0.569444 0.639583 0.533333 0.626042 0.516667 0.643750 0.500926 0.674479 0.485185 0.708333 0.475926
30 0.540104 0.617593 0.529167 0.637037 0.525000 0.662963 0.530208 0.686111 0.540104 0.708333 0.558854 0.715741 0.575000 0.700000 0.594792 0.695370 0.607292 0.673148 0.603646 0.646296 0.585417 0.628704 0.565104 0.612963
23 0.561979 0.524074 0.558854 0.542593 0.559375 0.549074 0.565625 0.541667 0.571354 0.535185 0.583854 0.535185 0.587500 0.528704 0.584375 0.512963 0.584375 0.497222 0.580208 0.494444 0.577604 0.496296 0.576562 0.512037 0.577083 0.521296 0.569271 0.521296 0.566146 0.520370
23 0.589583 0.488889 0.589583 0.503704 0.589583 0.512963 0.585938 0.522222 0.593750 0.519444 0.597396 0.512963 0.597917 0.500000 0.595313 0.487037 0.592708 0.485185
33 0.520312 0.612963 0.536458 0.621296 0.552083 0.616667 0.557813 0.598148 0.527083 0.578704
33 0.554167 0.584259 0.559375 0.563889 0.552083 0.537963 0.537500 0.536111 0.530208 0.554630 0.534896 0.584259