33 0.558333 0.812037 0.564063 0.837963 0.568750 0.836111 0.573958 0.863889 0.591146 0.863889 0.618750 0.837963 0.639583 0.826852 0.633333 0.787963 0.613542 0.773148
33 0.671875 0.800000 0.663542 0.849074 0.689063 0.877778 0.737500 0.905556 0.746875 0.859259 0.733854 0.828704
33 0.645833 0.845370 0.596354 0.916667 0.620833 0.972222 0.647396 0.934259 0.652083 0.916667 0.663021 0.917593 0.678125 0.888889 0.670833 0.860185
25 0.642188 0.986111 0.651563 0.912963 0.730208 0.962963 0.742188 0.988889 0.740104 0.999074 0.657292 0.999074
25 0.509896 0.680556 0.505208 0.697222 0.497917 0.703704 0.486458 0.770370 0.501042 0.782407 0.507812 0.785185 0.520833 0.715741 0.517708 0.704630 0.516667 0.680556
33 0.590104 0.693519 0.582812 0.741667 0.556250 0.731481 0.527083 0.719444 0.527604 0.696296 0.534896 0.667593 0.565104 0.675000 0.590104 0.684259
33 0.695833 0.767593 0.693750 0.805556 0.701562 0.816667 0.773958 0.825000 0.776563 0.800000 0.766667 0.775000
27 0.684375 0.592593 0.726042 0.630556 0.728125 0.651852 0.743229 0.687963 0.742708 0.722222 0.738542 0.741667 0.710938 0.749074 0.648958 0.787963 0.632292 0.742593 0.613021 0.702778 0.601042 0.684259 0.606250 0.649074 0.626042 0.640741 0.634896 0.619444
25 0.296875 0.808333 0.302083 0.888889 0.320312 0.879630 0.316146 0.823148 0.307812 0.803704
30 0.457292 0.848148 0.430208 0.874074 0.426042 0.914815 0.432812 0.979630 0.442188 0.999074 0.505208 0.999074 0.529167 0.951852 0.515104 0.882407 0.481771 0.844444
23 0.504687 0.659259 0.498958 0.683333 0.498958 0.695370 0.506771 0.690741 0.510417 0.678704 0.520833 0.677778 0.528125 0.678704 0.533854 0.667593 0.529167 0.651852 0.528646 0.631481 0.525521 0.622222 0.521354 0.636111 0.521875 0.655556 0.513021 0.653704
23 0.533854 0.648148 0.536458 0.663889 0.542708 0.661111 0.547917 0.645370 0.548958 0.625926 0.544792 0.611111 0.538542 0.612037 0.538542 0.623148 0.539583 0.633333
33 0.434375 0.822222 0.465104 0.841667 0.481250 0.817593 0.486458 0.791667 0.439583 0.768519 0.429167 0.793519
33 0.460417 0.775926 0.492708 0.743519 0.484375 0.711111 0.475000 0.692593 0.458333 0.691667 0.441667 0.718519