30 0.432812 0.699074 0.416146 0.734259 0.414583 0.790741 0.422396 0.844444 0.448958 0.860185 0.483854 0.837963 0.516146 0.799074 0.518750 0.749074 0.496875 0.702778 0.452604 0.688889
25 0.653125 0.752778 0.647396 0.781481 0.647917 0.828704 0.731250 0.866667 0.755208 0.846296 0.767708 0.836111 0.752083 0.812037 0.708854 0.762963
33 0.676562 0.655556 0.670312 0.694444 0.701562 0.723148 0.754167 0.749074 0.764583 0.725000 0.758854 0.693519
33 0.558854 0.653704 0.550521 0.678704 0.565104 0.687037 0.571354 0.721296 0.614583 0.692593 0.643750 0.675000 0.632292 0.638889 0.606250 0.627778
33 0.595833 0.753704 0.621875 0.808333 0.652604 0.761111 0.683854 0.728704 0.670312 0.693519 0.647917 0.684259
33 0.697396 0.627778 0.708333 0.672222 0.784375 0.676852 0.791667 0.653704 0.779687 0.618519 0.695833 0.621296
25 0.502083 0.546296 0.495833 0.566667 0.488021 0.578704 0.479167 0.630556 0.504167 0.644444 0.515104 0.581481 0.511979 0.564815 0.509896 0.544444
33 0.531771 0.523148 0.523958 0.553704 0.525521 0.586111 0.559375 0.587037 0.581250 0.594444 0.591667 0.572222 0.589583 0.545370
27 0.700521 0.464815 0.721354 0.475926 0.733854 0.503704 0.750521 0.535185 0.750000 0.600926 0.706771 0.612963 0.648438 0.650000 0.638542 0.619444 0.621354 0.576852 0.600000 0.550000 0.601042 0.499074
25 0.276562 0.663889 0.277083 0.704630 0.286458 0.744444 0.303646 0.740741 0.300000 0.687963 0.291667 0.674074 0.284896 0.657407
23 0.517708 0.494444 0.515625 0.512037 0.516667 0.532407 0.520833 0.551852 0.526042 0.536111 0.531771 0.529630 0.541146 0.529630 0.544792 0.512963 0.543229 0.497222 0.541146 0.483333 0.536458 0.485185 0.536458 0.503704 0.536458 0.520370 0.525521 0.531481 0.523958 0.517593 0.523958 0.493519
33 0.420312 0.685185 0.467187 0.692593 0.479687 0.646296 0.429167 0.625926 0.417187 0.646296
33 0.452604 0.637037 0.484375 0.609259 0.473958 0.569444 0.463542 0.564815 0.448958 0.572222 0.441146 0.589815