25 0.311458 0.858333 0.305729 0.909259 0.341146 0.917593 0.413542 0.877778 0.411979 0.831481 0.356771 0.837963
25 0.402083 0.325000 0.399479 0.364815 0.405729 0.409259 0.427083 0.401852 0.424479 0.359259 0.415104 0.337037 0.408333 0.323148
25 0.835938 0.472222 0.826562 0.500926 0.823438 0.552778 0.921875 0.614815 0.946875 0.601852 0.972917 0.608333 0.976042 0.575000 0.955208 0.556481 0.932813 0.518519
33 0.760417 0.466667 0.790104 0.529630 0.835417 0.475926 0.874479 0.455556 0.874479 0.421296 0.842187 0.386111 0.798958 0.418519
33 0.706771 0.365741 0.732812 0.416667 0.785417 0.389815 0.814583 0.371296 0.798958 0.314815 0.773958 0.315741 0.705729 0.351852
25 0.639062 0.204630 0.634375 0.222222 0.623958 0.239815 0.617188 0.307407 0.633333 0.314815 0.645312 0.320370 0.658333 0.241667 0.652083 0.222222 0.648438 0.199074
33 0.564063 0.300000 0.545833 0.371296 0.601042 0.375000 0.615625 0.319444
33 0.680208 0.182407 0.669271 0.206481 0.665625 0.245370 0.742188 0.269444 0.752083 0.248148 0.755208 0.203704
30 0.573438 0.395370 0.554688 0.437037 0.554688 0.512963 0.580729 0.565741 0.625000 0.555556 0.660937 0.514815 0.669792 0.469444 0.660937 0.411111 0.622396 0.375926 0.585417 0.379630
27 0.736458 0.194444 0.751042 0.163889 0.897396 0.099074 0.909375 0.105556 0.920312 0.118519 0.932292 0.123148 0.938542 0.140741 0.942708 0.157407 0.948958 0.177778 0.955208 0.194444 0.955729 0.215741 0.954688 0.239815 0.945833 0.265741 0.932813 0.282407 0.888021 0.305556 0.831771 0.333333 0.813021 0.340741 0.809896 0.328704 0.820312 0.312963 0.813542 0.288889 0.776042 0.313889 0.762500 0.296296 0.781250 0.262037 0.796354 0.243519 0.795833 0.229630 0.783854 0.217593 0.771875 0.221296 0.762500 0.201852 0.753646 0.191667 0.745833 0.200926
23 0.656250 0.132407 0.653646 0.166667 0.654687 0.190741 0.658854 0.208333 0.666146 0.199074 0.669271 0.183333 0.680208 0.177778 0.685937 0.158333 0.685937 0.138889 0.683333 0.118519 0.676562 0.121296 0.675000 0.137963 0.675000 0.157407 0.669792 0.168519 0.665104 0.168519 0.664583 0.148148 0.666667 0.133333
33 0.856250 0.350926 0.866667 0.348148 0.915625 0.391667 0.938021 0.408333 0.943750 0.441667 0.941667 0.462963 0.901042 0.440741 0.863021 0.411111 0.848437 0.394444 0.856250 0.376852
33 0.882812 0.324074 0.894271 0.370370 0.948438 0.384259 0.991146 0.387963 0.999479 0.382407 0.999479 0.335185 0.985417 0.327778 0.944792 0.321296 0.909896 0.315741 0.889583 0.313889
33 0.585938 0.305556 0.620833 0.274074 0.603646 0.218519 0.591667 0.212963 0.580729 0.222222 0.571354 0.250000 0.579688 0.300000