25 0.470313 0.438889 0.468750 0.470370 0.476562 0.523148 0.492708 0.517593 0.493229 0.475926 0.482292 0.442593 0.475000 0.433333
30 0.686458 0.535185 0.669271 0.548148 0.655208 0.586111 0.650000 0.636111 0.664583 0.680556 0.684375 0.726852 0.724479 0.750000 0.761458 0.730556 0.782292 0.680556 0.788021 0.618519 0.773438 0.577778 0.746875 0.540741 0.711458 0.527778
25 0.973958 0.552778 0.894792 0.639815 0.938021 0.713889 0.999479 0.643519 0.999479 0.577778
33 0.828646 0.482407 0.821354 0.512963 0.841667 0.524074 0.852083 0.562037 0.906250 0.538889 0.941667 0.525926 0.944792 0.493519 0.931771 0.462037 0.906250 0.449074
25 0.725000 0.305556 0.720313 0.328704 0.712500 0.339815 0.705729 0.417593 0.733333 0.438889 0.743229 0.419444 0.747917 0.341667 0.741667 0.328704 0.738021 0.303704
33 0.921875 0.367593 0.936979 0.395370 0.938542 0.414815 0.921875 0.433333 0.892708 0.446296 0.877083 0.431481 0.894271 0.400000 0.904687 0.369444
33 0.777083 0.286111 0.767708 0.307407 0.760938 0.355556 0.821354 0.381481 0.860938 0.397222 0.878125 0.363889 0.871875 0.322222 0.827604 0.303704
33 0.645833 0.414815 0.633333 0.451852 0.630729 0.487963 0.696875 0.508333 0.709375 0.467593 0.708333 0.437037
27 0.830729 0.307407 0.851562 0.270370 0.998437 0.200926 0.998958 0.450926 0.950000 0.474074 0.936458 0.429630 0.936458 0.398148 0.920312 0.370370 0.913021 0.344444 0.886458 0.341667 0.867708 0.311111
23 0.744792 0.225926 0.742188 0.241667 0.739583 0.262963 0.740104 0.282407 0.739583 0.298148 0.750521 0.298148 0.755208 0.287963 0.753125 0.272222 0.760938 0.269444 0.760938 0.269444 0.770833 0.243519 0.770312 0.226852 0.768750 0.209259 0.765625 0.203704 0.760417 0.205556 0.758854 0.212037 0.758333 0.230556 0.757812 0.245370 0.753125 0.252778 0.750000 0.252778 0.750521 0.237963 0.753125 0.226852 0.752083 0.221296 0.748958 0.223148
33 0.668750 0.411111 0.709375 0.377778 0.684896 0.321296 0.652604 0.344444