30 0.638021 0.576852 0.616667 0.598148 0.601042 0.639815 0.609375 0.679630 0.642188 0.717593 0.677604 0.700000 0.689583 0.658333 0.688021 0.615741 0.666667 0.588889
33 0.733333 0.506481 0.712500 0.583333 0.741146 0.603704 0.761458 0.523148
25 0.809375 0.555556 0.817187 0.587037 0.810417 0.612037 0.756250 0.610185 0.748958 0.563889 0.754167 0.553704
33 0.659375 0.521296 0.689063 0.552778 0.715625 0.487037 0.706771 0.468519 0.689583 0.464815
33 0.721875 0.436111 0.741146 0.467593 0.786458 0.451852 0.783333 0.435185 0.762500 0.419444
25 0.570833 0.433333 0.575000 0.457407 0.586979 0.521296 0.608854 0.511111 0.603125 0.469444 0.590625 0.432407 0.577604 0.425000
33 0.600000 0.411111 0.603646 0.455556 0.656771 0.451852 0.659896 0.426852 0.648438 0.402778 0.600000 0.406481
33 0.549479 0.462963 0.539062 0.494444 0.556771 0.523148 0.577083 0.493519 0.569271 0.469444
25 0.466146 0.637037 0.462500 0.666667 0.468750 0.696296 0.484896 0.682407 0.483854 0.657407 0.471875 0.632407
27 0.742188 0.353704 0.736458 0.388889 0.715104 0.449074 0.702083 0.462037 0.670833 0.419444 0.646354 0.401852 0.615625 0.399074 0.626042 0.372222 0.681771 0.292593 0.706771 0.305556 0.720833 0.310185 0.726562 0.329630
23 0.563542 0.345370 0.561458 0.350926 0.565104 0.362963 0.565625 0.375926 0.563021 0.385185 0.559375 0.401852 0.552604 0.407407 0.552604 0.419444 0.555729 0.423148 0.563542 0.412037 0.568750 0.419444 0.576562 0.410185 0.570833 0.393519 0.571354 0.386111 0.573958 0.372222 0.570833 0.360185 0.569271 0.349074