33 0.544792 0.506481 0.536458 0.574074 0.559896 0.587963 0.580208 0.514815 0.571354 0.499074 0.549479 0.494444
25 0.570833 0.539815 0.569271 0.562963 0.578125 0.587963 0.631250 0.575000 0.636458 0.562963 0.641146 0.554630 0.638542 0.540741 0.629687 0.540741 0.614062 0.531481
30 0.439583 0.589815 0.423438 0.616667 0.420312 0.663889 0.433333 0.702778 0.457813 0.718519 0.494271 0.698148 0.504687 0.675000 0.507812 0.630556 0.497917 0.600926 0.473958 0.584259
33 0.507812 0.470370 0.476042 0.532407 0.497917 0.551852 0.513021 0.548148 0.533333 0.499074 0.530208 0.480556
33 0.544271 0.444444 0.555208 0.462037 0.565625 0.468519 0.598437 0.448148 0.602083 0.436111 0.593750 0.425926 0.576562 0.420370
27 0.490625 0.322222 0.510417 0.321296 0.519792 0.327778 0.525521 0.320370 0.536458 0.325926 0.535937 0.337963 0.556250 0.361111 0.555208 0.421296 0.526042 0.467593 0.509896 0.442593 0.491146 0.428704 0.469271 0.420370 0.441667 0.424074 0.442708 0.411111
25 0.388542 0.465741 0.388542 0.495370 0.400521 0.537963 0.421354 0.539815 0.425521 0.525926 0.409375 0.470370 0.395313 0.457407
25 0.248958 0.691667 0.248438 0.718519 0.257812 0.760185 0.276042 0.757407 0.277604 0.739815 0.266667 0.702778 0.258854 0.697222 0.255729 0.689815
33 0.358333 0.494444 0.356771 0.548148 0.382812 0.561111 0.393750 0.521296 0.385937 0.498148
23 0.378646 0.385185 0.379167 0.401852 0.381250 0.437037 0.385937 0.456481 0.395833 0.451852 0.393750 0.426852 0.395313 0.407407 0.390104 0.396296 0.385937 0.382407
33 0.415625 0.427778 0.417187 0.475926 0.450000 0.469444 0.458854 0.461111 0.465625 0.469444 0.471354 0.454630 0.467708 0.422222