23 0.841667 0.929630 0.856771 0.929630 0.880729 0.933333 0.894271 0.937037 0.893750 0.916667 0.885417 0.892593 0.862500 0.882407 0.841667 0.879630 0.826042 0.887037 0.820312 0.909259 0.825000 0.925926
29 0.672917 0.785185 0.697917 0.819444 0.737500 0.859259 0.779687 0.887963 0.820312 0.897222 0.837500 0.885185 0.866667 0.883333 0.888021 0.852778 0.903646 0.815741 0.912500 0.725926 0.941667 0.737963 0.944792 0.713889 0.934896 0.699074 0.914062 0.693519 0.920312 0.637037 0.944271 0.644444 0.963542 0.634259 0.980729 0.646296 0.999479 0.651852 0.999479 0.466667 0.975000 0.437963 0.916146 0.426852 0.867708 0.382407 0.825521 0.350000 0.773958 0.318519 0.740625 0.304630 0.700521 0.268519 0.698958 0.236111 0.677083 0.237963 0.656771 0.243519 0.635417 0.237963 0.635417 0.211111 0.626042 0.189815 0.587500 0.202778 0.555729 0.177778 0.507292 0.147222 0.471875 0.168519 0.462500 0.166667 0.450521 0.162963 0.437500 0.162963 0.411979 0.155556 0.390104 0.138889 0.371354 0.137963 0.350521 0.152778 0.336458 0.187037 0.298438 0.217593 0.296354 0.238889 0.303646 0.254630 0.320312 0.259259 0.300000 0.289815 0.279167 0.336111 0.264583 0.374074 0.248958 0.404630 0.241146 0.420370 0.234375 0.408333 0.218229 0.416667 0.209375 0.441667 0.190625 0.484259 0.177604 0.508333 0.156771 0.504630 0.147917 0.524074 0.152604 0.540741 0.166667 0.539815 0.153125 0.575000 0.146875 0.586111 0.132812 0.593519 0.120313 0.612037 0.117708 0.635185 0.128125 0.639815 0.142708 0.644444 0.126562 0.677778 0.131771 0.705556 0.142708 0.752778 0.167708 0.778704 0.202083 0.784259 0.172396 0.827778 0.159375 0.862963 0.100000 0.870370 0.056250 0.925926 0.033333 0.999074 0.617188 0.999074 0.633854 0.926852 0.663542 0.883333 0.676042 0.837963
24 0.253646 0.560185 0.241667 0.554630 0.239063 0.543519 0.240625 0.526852 0.244792 0.519444 0.254688 0.525000 0.257292 0.518519 0.258854 0.498148 0.263542 0.487037 0.270313 0.490741 0.275521 0.494444 0.277604 0.505556 0.281250 0.515741 0.280208 0.531481 0.287500 0.538889 0.290104 0.550926 0.288021 0.562963 0.281250 0.558333 0.281771 0.581481 0.273958 0.597222 0.263542 0.598148 0.256250 0.587037 0.257812 0.570370
30 0.101042 0.058333 0.119792 0.040741 0.134896 0.043519 0.159896 0.070370 0.177604 0.119444 0.198958 0.173148 0.216146 0.214815 0.226042 0.256481 0.216667 0.280556 0.188542 0.287037 0.161458 0.285185 0.143229 0.237963 0.122396 0.184259 0.102083 0.123148 0.092188 0.080556
28 0.835938 0.929630 0.829167 0.946296 0.822917 0.975926 0.829167 0.999074 0.913542 0.999074 0.908333 0.966667 0.892188 0.938889 0.871875 0.928704 0.852083 0.927778
31 0.897396 0.600000 0.894792 0.663889 0.888021 0.742593 0.880208 0.803704 0.863542 0.842593 0.835938 0.861111 0.794271 0.853704 0.741146 0.822222 0.711458 0.794444 0.700521 0.795370 0.700000 0.815741 0.723958 0.841667 0.750000 0.861111 0.780208 0.883333 0.814063 0.894444 0.827083 0.889815 0.853646 0.879630 0.873958 0.878704 0.899479 0.828704 0.906771 0.776852 0.911458 0.711111 0.912500 0.667593 0.913542 0.606481
31 0.335417 0.210185 0.342187 0.197222 0.335417 0.191667 0.318229 0.203704 0.304167 0.216667 0.301042 0.230556 0.307292 0.246296 0.325000 0.248148 0.354687 0.248148 0.380208 0.250926 0.410938 0.261111 0.439063 0.274074 0.463542 0.284259 0.478125 0.287963 0.474479 0.272222 0.454167 0.265741 0.418229 0.247222 0.383333 0.234259 0.351562 0.232407 0.320833 0.232407 0.313542 0.232407 0.314583 0.222222 0.322917 0.213889
25 0.608333 0.117593 0.603646 0.138889 0.615625 0.146296 0.628125 0.155556 0.637500 0.175926 0.654687 0.189815 0.682813 0.200926 0.702604 0.210185 0.711458 0.209259 0.716667 0.198148 0.720313 0.174074 0.716667 0.155556 0.708333 0.142593 0.689583 0.133333 0.643229 0.122222 0.633333 0.126852
23 0.920833 0.276852 0.907292 0.290741 0.904687 0.317593 0.902083 0.350926 0.914062 0.357407 0.925521 0.344444 0.935417 0.317593 0.946875 0.301852 0.951042 0.270370 0.942187 0.259259 0.933854 0.253704 0.928125 0.259259
31 0.346354 0.334259 0.356250 0.341667 0.378646 0.343519 0.400521 0.340741 0.421354 0.339815 0.448437 0.344444 0.467708 0.344444 0.492188 0.340741 0.494792 0.333333 0.486458 0.327778 0.467187 0.329630 0.451562 0.333333 0.431250 0.331481 0.411979 0.329630 0.388542 0.329630 0.372396 0.332407 0.355729 0.329630 0.359896 0.323148 0.363021 0.309259 0.357292 0.306481 0.348438 0.311111 0.343229 0.321296 0.331250 0.324074 0.323437 0.326852 0.316667 0.338889 0.329688 0.336111
30 0.276042 0.418519 0.273438 0.422222 0.273438 0.432407 0.284896 0.435185 0.295312 0.431481 0.291667 0.421296
30 0.267188 0.427778 0.263542 0.436111 0.257292 0.442593 0.254167 0.438889 0.258333 0.424074 0.264062 0.411111 0.268229 0.403704 0.273438 0.405556 0.278125 0.412963 0.273958 0.423148