30 0.395313 0.187963 0.409375 0.193519 0.418750 0.191667 0.423958 0.174074 0.426042 0.164815 0.414062 0.050000 0.397917 0.005556 0.389583 0.008333 0.387500 0.025000 0.385937 0.052778 0.385417 0.087963 0.386458 0.123148 0.390625 0.156481
31 0.283333 0.405556 0.305729 0.398148 0.336979 0.387037 0.370833 0.379630 0.403125 0.375926 0.427604 0.376852 0.455729 0.376852 0.469792 0.375000 0.472396 0.363889 0.464062 0.357407 0.444271 0.356481 0.415625 0.360185 0.401042 0.357407 0.388021 0.354630 0.362500 0.361111 0.343229 0.365741 0.329688 0.364815 0.319271 0.371296 0.281771 0.385185 0.256250 0.395370 0.245833 0.396296 0.234896 0.389815 0.226562 0.379630 0.230729 0.369444 0.238021 0.350000 0.244792 0.332407 0.255729 0.304630 0.269271 0.279630 0.289583 0.262037 0.320833 0.248148 0.346354 0.243519 0.353646 0.231481 0.350521 0.223148 0.333333 0.225926 0.296354 0.234259 0.273958 0.246296 0.255208 0.261111 0.242188 0.279630 0.230729 0.306481 0.219271 0.337963 0.213542 0.358333 0.207813 0.387037 0.211979 0.401852 0.223958 0.408333 0.243229 0.414815 0.264062 0.412037
24 0.366146 0.859259 0.372396 0.861111 0.380208 0.860185 0.383854 0.867593 0.388021 0.875926 0.395313 0.874074 0.400000 0.878704 0.400000 0.890741 0.404687 0.897222 0.410938 0.896296 0.414583 0.882407 0.414583 0.875000 0.422396 0.871296 0.426563 0.861111 0.427083 0.847222 0.424479 0.838889 0.418229 0.837037 0.415625 0.836111 0.414583 0.819444 0.417708 0.808333 0.412500 0.788889 0.405729 0.779630 0.406771 0.765741 0.402604 0.762037 0.398438 0.750000 0.391667 0.747222 0.388021 0.752778 0.386979 0.765741 0.388021 0.776852 0.383854 0.772222 0.379688 0.775926 0.379167 0.785185 0.381250 0.796296 0.376563 0.797222 0.374479 0.806481 0.376042 0.813889 0.371354 0.812037 0.367188 0.815741 0.365625 0.826852 0.368229 0.837963 0.370312 0.842593 0.365104 0.849074 0.363542 0.856481
29 0.279687 0.240741 0.254167 0.262037 0.234896 0.289815 0.222917 0.325000 0.213021 0.362037 0.207292 0.388889 0.227083 0.420370 0.258333 0.416667 0.285938 0.419444 0.255729 0.456481 0.233854 0.500000 0.230208 0.546296 0.241146 0.600000 0.271875 0.612037 0.267708 0.666667 0.258854 0.746296 0.235937 0.815741 0.217708 0.884259 0.239063 0.915741 0.258333 0.936111 0.261979 0.999074 0.370833 0.999074 0.381771 0.887037 0.362500 0.850926 0.368750 0.805556 0.383333 0.767593 0.393750 0.744444 0.408333 0.755556 0.423438 0.767593 0.439063 0.766667 0.439063 0.819444 0.446875 0.854630 0.447396 0.900926 0.435417 0.950000 0.430729 0.999074 0.999479 0.999074 0.999479 0.737037 0.982812 0.740741 0.953646 0.754630 0.933854 0.734259 0.950000 0.694444 0.949479 0.652778 0.940625 0.596296 0.928646 0.540741 0.913021 0.491667 0.886979 0.453704 0.885938 0.398148 0.872396 0.353704 0.950000 0.347222 0.989062 0.325926 0.982812 0.287037 0.831771 0.309259 0.773958 0.288889 0.710938 0.266667 0.698958 0.219444 0.682292 0.216667 0.679167 0.253704 0.650000 0.255556 0.614062 0.228704 0.596875 0.238889 0.561458 0.248148 0.528125 0.216667 0.469792 0.203704 0.415104 0.211111 0.355208 0.222222 0.333854 0.223148
30 0.303125 0.684259 0.306771 0.679630 0.321875 0.667593 0.328125 0.657407 0.326562 0.639815 0.314583 0.641667 0.306250 0.649074 0.300000 0.668519 0.293229 0.686111 0.298958 0.688889
30 0.331771 0.676852 0.339583 0.673148 0.348958 0.671296 0.358333 0.672222 0.361979 0.669444 0.361458 0.654630 0.357292 0.649074 0.350521 0.649074 0.341146 0.651852 0.333333 0.659259 0.328125 0.666667 0.326562 0.675000 0.327083 0.681481
31 0.317708 0.581481 0.322396 0.564815 0.325000 0.538889 0.333333 0.514815 0.346354 0.498148 0.362500 0.495370 0.383854 0.496296 0.410938 0.485185 0.431771 0.472222 0.465104 0.453704 0.488542 0.440741 0.503646 0.425926 0.515104 0.413889 0.511979 0.407407 0.500521 0.416667 0.485417 0.431481 0.464583 0.443519 0.440104 0.457407 0.418750 0.468519 0.399479 0.479630 0.372396 0.487037 0.358333 0.487037 0.364063 0.474074 0.363542 0.463889 0.360417 0.461111 0.353646 0.465741 0.347917 0.474074 0.348438 0.486111 0.340625 0.493519 0.330208 0.505556 0.321354 0.522222 0.318229 0.537963 0.317188 0.559259 0.310937 0.579630
24 0.254688 0.331481 0.247396 0.339815 0.255729 0.366667 0.265104 0.377778 0.278646 0.372222 0.288021 0.362037 0.291667 0.342593 0.289062 0.325926 0.282292 0.319444 0.273958 0.318519 0.267188 0.329630
25 0.507812 0.170370 0.520833 0.180556 0.578125 0.192593 0.598958 0.193519 0.604167 0.173148 0.602083 0.150000 0.595313 0.133333 0.518229 0.128704 0.504687 0.137037 0.481771 0.135185 0.476042 0.150000 0.480208 0.160185 0.499479 0.162037
24 0.296875 0.175000 0.286458 0.170370 0.276042 0.185185 0.255208 0.197222 0.247396 0.210185 0.257812 0.237963 0.286979 0.235185 0.310417 0.235185 0.331250 0.223148 0.338021 0.208333 0.334896 0.180556 0.326042 0.165741 0.314583 0.167593 0.305729 0.159259 0.296875 0.165741
23 0.772396 0.159259 0.767708 0.162037 0.765104 0.172222 0.769271 0.185185 0.768750 0.207407 0.769792 0.235185 0.783333 0.246296 0.794792 0.242593 0.795833 0.222222 0.791146 0.206481 0.788542 0.187963 0.783333 0.173148
23 0.968229 0.693519 0.947917 0.702778 0.935937 0.723148 0.939583 0.749074 0.957292 0.758333 0.984375 0.743519 0.999479 0.738889 0.999479 0.703704 0.983333 0.695370